1839.892687	39.824685	0.014711	0.050479
1849.960625	39.650534	0.014711	0.050479
1860.116534	39.404660	0.014711	0.050479
1869.927568	39.208016	0.014711	0.050479
1880.013528	39.005898	0.014711	0.050479
1889.983015	38.841102	0.014711	0.050479
1900.103867	38.564780	0.014711	0.050479
1909.939492	38.453475	0.014711	0.050479
1919.997808	38.237722	0.014711	0.050479
1930.067378	37.994660	0.014711	0.050479
1939.959703	37.837420	0.014711	0.050479
1949.958433	37.573893	0.014711	0.050479
1960.051702	37.392256	0.014711	0.050479
1969.975031	37.180220	0.014711	0.050479
1980.009811	36.983441	0.014711	0.050479
1990.112033	36.795858	0.014711	0.050479
1999.876395	36.633291	0.014711	0.050479
2009.976325	36.383705	0.014711	0.050479
2020.023327	36.149853	0.014711	0.050479
2029.891413	35.985314	0.014711	0.050479
2039.940853	35.802949	0.014711	0.050479
2050.071982	35.565019	0.014711	0.050479
2060.123590	35.359332	0.014711	0.050479
2069.945303	35.175265	0.014711	0.050479
2080.045182	34.968235	0.014711	0.050479
2090.085166	34.767604	0.014711	0.050479
2099.992056	34.614790	0.014711	0.050479
2109.977758	34.520599	0.014711	0.050479
2120.071389	34.263705	0.014711	0.050479
2129.930915	34.069368	0.014711	0.050479
2140.021848	33.816565	0.014711	0.050479
2150.051676	33.606803	0.014711	0.050479
2159.979311	33.459634	0.014711	0.050479
2169.978208	33.252964	0.014711	0.050479
2180.034663	33.054514	0.014711	0.050479
2189.956735	32.820140	0.014711	0.050479
2200.010641	32.692321	0.014711	0.050479
2210.058668	32.488435	0.014711	0.050479
2220.089390	32.277524	0.014711	0.050479
2230.009651	32.083296	0.014711	0.050479
2240.048437	31.894726	0.014711	0.050479
2250.128235	31.686281	0.014711	0.050479
2259.985085	31.535235	0.014711	0.050479
2270.027197	31.354215	0.014711	0.050479
2280.099687	31.143237	0.014711	0.050479
2289.945882	30.987984	0.014711	0.050479
2300.006806	30.757813	0.014711	0.050479
2310.008124	30.642757	0.014711	0.050479
2319.968091	30.354328	0.014711	0.050479
2329.978862	30.255503	0.014711	0.050479
2340.040153	30.071621	0.014711	0.050479
2349.982873	29.838777	0.014711	0.050479
2359.937762	29.619138	0.014711	0.050479
2370.001356	29.464311	0.014711	0.050479
2380.076203	29.310224	0.014711	0.050479
2390.007034	29.131295	0.014711	0.050479
2400.054087	29.016034	0.014711	0.050479
2410.107069	28.764833	0.014711	0.050479
2419.923542	28.574205	0.014711	0.050479
2430.024993	28.451322	0.014711	0.050479
2440.128527	28.152761	0.014711	0.050479
2449.909872	28.106594	0.014711	0.050479
2459.928044	27.870990	0.014711	0.050479
2470.087513	27.619879	0.014711	0.050479
2479.940844	27.501072	0.014711	0.050479
2490.055585	27.363661	0.014711	0.050479
2500.023022	27.161669	0.014711	0.050479
2509.884971	26.921660	0.014711	0.050479
2519.945018	26.718352	0.014711	0.050479
2529.940816	26.628203	0.014711	0.050479
2540.131389	26.377058	0.014711	0.050479
2549.933411	26.273792	0.014711	0.050479
2560.076870	26.026994	0.014711	0.050479
2570.079678	25.880754	0.014711	0.050479
2579.956778	25.715832	0.014711	0.050479
2590.053262	25.492535	0.014711	0.050479
2600.124076	25.346853	0.014711	0.050479
2609.921597	25.245801	0.014711	0.050479
2620.003830	25.035911	0.014711	0.050479
2630.089266	24.864614	0.014711	0.050479
2639.939398	24.681387	0.014711	0.050479
2650.041450	24.455399	0.014711	0.050479
2660.065828	24.281077	0.014711	0.050479
2669.940084	24.190215	0.014711	0.050479
2680.007365	23.953578	0.014711	0.050479
2690.033027	23.798439	0.014711	0.050479
2700.109735	23.574160	0.014711	0.050479
2710.018703	23.529573	0.014711	0.050479
2720.005729	23.362429	0.014711	0.050479
2730.106357	23.083708	0.014711	0.050479
2740.003760	23.013472	0.014711	0.050479
2750.030859	22.672668	0.014711	0.050479
2760.094622	22.649244	0.014711	0.050479
2769.943689	22.439657	0.014711	0.050479
2780.035354	22.342923	0.014711	0.050479
2790.061805	22.092954	0.014711	0.050479
2799.961820	21.918546	0.014711	0.050479
2810.024372	21.785599	0.014711	0.050479
2820.082719	21.654956	0.014711	0.050479
2829.945008	21.469749	0.014711	0.050479
2840.000926	21.286330	0.014711	0.050479
2850.075346	21.186779	0.014711	0.050479
2860.109957	20.912776	0.014711	0.050479
2870.007598	20.774105	0.014711	0.050479
2880.016217	20.644337	0.014711	0.050479
2890.124382	20.518316	0.014711	0.050479
2899.979303	20.376131	0.014711	0.050479
2910.065880	20.039007	0.014711	0.050479
2920.130518	19.947660	0.014711	0.050479
2929.920243	19.824410	0.014711	0.050479
2940.038088	19.682907	0.014711	0.050479
2950.085655	19.577427	0.014711	0.050479
2959.900067	19.374082	0.014711	0.050479
2970.064115	19.246345	0.014711	0.050479
2980.037530	19.097374	0.014711	0.050479
2989.918630	18.827923	0.014711	0.050479
2999.997615	18.672197	0.014711	0.050479
3010.035606	18.638375	0.014711	0.050479
3020.065949	18.330834	0.014711	0.050479
3029.949475	18.289766	0.014711	0.050479
3040.018061	18.145011	0.014711	0.050479
3050.071032	18.023439	0.014711	0.050479
3059.959374	17.803909	0.014711	0.050479
3069.974940	17.641288	0.014711	0.050479
3080.077763	17.445653	0.014711	0.050479
3089.953543	17.349015	0.014711	0.050479
3100.003149	17.109678	0.014711	0.050479
3110.055864	17.048964	0.014711	0.050479
3119.930032	16.807794	0.014711	0.050479
3129.991317	16.730277	0.014711	0.050479
3140.058666	16.685968	0.014711	0.050479
3149.956648	16.364807	0.014711	0.050479
3159.971877	16.255391	0.014711	0.050479
3170.026160	16.130713	0.014711	0.050479
3179.913144	16.043410	0.014711	0.050479
3189.991680	15.749327	0.014711	0.050479
3200.018650	15.600069	0.014711	0.050479
3210.076149	15.549360	0.014711	0.050479
3219.933541	15.302427	0.014711	0.050479
3230.020767	15.193467	0.014711	0.050479
3240.087093	15.049970	0.014711	0.050479
3249.940356	14.820163	0.014711	0.050479
3260.000076	14.806543	0.014711	0.050479
3270.066872	14.582224	0.014711	0.050479
3279.933541	14.481075	0.014711	0.050479
3290.013818	14.256327	0.014711	0.050479
3300.021108	14.175190	0.014711	0.050479
3309.922160	14.076182	0.014711	0.050479
3319.958187	13.884488	0.014711	0.050479
3330.064410	13.695284	0.014711	0.050479
3339.883134	13.528578	0.014711	0.050479
3349.948148	13.447102	0.014711	0.050479
3360.054178	13.351724	0.014711	0.050479
3370.081115	13.182733	0.014711	0.050479
3379.961565	13.028913	0.014711	0.050479
3390.029798	12.822068	0.014711	0.050479
3400.064383	12.718762	0.014711	0.050479
3409.961882	12.629413	0.014711	0.050479
3420.037824	12.423883	0.014711	0.050479
3430.076053	12.415702	0.014711	0.050479
3439.955332	12.133975	0.014711	0.050479
3450.039111	12.080120	0.014711	0.050479
3460.070452	11.981505	0.014711	0.050479
3469.946980	11.759683	0.014711	0.050479
3479.980791	11.645686	0.014711	0.050479
3490.054315	11.442563	0.014711	0.050479
3499.957482	11.380794	0.014711	0.050479
3509.984600	11.297162	0.014711	0.050479
3520.021475	11.156891	0.014711	0.050479
3530.108652	10.927814	0.014711	0.050479
3539.928742	10.799298	0.014711	0.050479
3550.012487	10.591227	0.014711	0.050479
3560.057177	10.556264	0.014711	0.050479
3569.952826	10.415468	0.014711	0.050479
3580.002063	10.162517	0.014711	0.050479
3590.062050	10.268070	0.014711	0.050479
3599.953468	10.002017	0.014711	0.050479
3609.989955	9.854579	0.014711	0.050479
3620.076873	9.717857	0.014711	0.050479
3629.959636	9.533707	0.014711	0.050479
3639.974310	9.442775	0.014711	0.050479
3650.031193	9.326902	0.014711	0.050479
3659.884149	9.084146	0.014711	0.050479
3669.960993	8.959494	0.014711	0.050479
3680.046668	8.945750	0.014711	0.050479
3690.093631	8.705093	0.014711	0.050479
3699.899972	8.672667	0.014711	0.050479
3710.031807	8.439431	0.014711	0.050479
3720.078267	8.326504	0.014711	0.050479
3729.967467	8.224481	0.014711	0.050479
3740.032048	8.123442	0.014711	0.050479
3750.070786	8.067851	0.014711	0.050479
3759.905619	7.861970	0.014711	0.050479
3769.984016	7.720628	0.014711	0.050479
3780.086048	7.673209	0.014711	0.050479
3789.918118	7.457971	0.014711	0.050479
3799.976701	7.409976	0.014711	0.050479
3810.037347	7.332251	0.014711	0.050479
3819.922764	7.143556	0.014711	0.050479
3829.968737	7.003196	0.014711	0.050479
3840.003675	6.898176	0.014711	0.050479
3850.115647	6.669627	0.014711	0.050479
3859.963950	6.639393	0.014711	0.050479
3870.032179	6.593162	0.014711	0.050479
3880.063432	6.270332	0.014711	0.050479
3889.896063	6.158749	0.014711	0.050479
3900.001235	6.183300	0.014711	0.050479
3910.072262	6.059871	0.014711	0.050479
3919.915519	5.828615	0.014711	0.050479
3929.985205	5.779741	0.014711	0.050479
3940.065685	5.596179	0.014711	0.050479
3949.924148	5.472898	0.014711	0.050479
3959.996145	5.471970	0.014711	0.050479
3970.067138	5.079031	0.014711	0.050479
3979.948085	5.119280	0.014711	0.050479
3989.989838	5.000860	0.014711	0.050479
4000.036338	5.017125	0.014711	0.050479
4010.083423	4.654732	0.014711	0.050479
4019.952846	4.648640	0.014711	0.050479
4030.019000	4.627075	0.014711	0.050479
4040.057372	4.343601	0.014711	0.050479
4049.943556	4.384943	0.014711	0.050479
4060.032457	4.125865	0.014711	0.050479
4070.077994	4.109051	0.014711	0.050479
4079.947368	3.951092	0.014711	0.050479
4089.979531	3.729418	0.014711	0.050479
4100.090085	3.738499	0.014711	0.050479
4109.937912	3.565313	0.014711	0.050479
4119.974224	3.557924	0.014711	0.050479
4130.050339	3.386857	0.014711	0.050479
4139.919344	3.292522	0.014711	0.050479
4149.985373	3.221941	0.014711	0.050479
4160.026603	2.961104	0.014711	0.050479
4170.079424	2.892273	0.014711	0.050479
4179.983184	2.929005	0.014711	0.050479
4190.003728	2.538843	0.014711	0.050479
4200.072720	2.507677	0.014711	0.050479
4209.959978	2.437654	0.014711	0.050479
4220.047657	2.351851	0.014711	0.050479
4230.101142	2.268105	0.014711	0.050479
4239.931329	2.058809	0.014711	0.050479
4249.996678	2.088793	0.014711	0.050479
4260.040152	1.885834	0.014711	0.050479
4269.920454	1.894264	0.014711	0.050479
4279.983363	1.740455	0.014711	0.050479
4290.069325	1.456890	0.014711	0.050479
4299.922434	1.520414	0.014711	0.050479
4309.955494	1.396125	0.014711	0.050479
4320.069078	1.143254	0.014711	0.050479
4330.106398	1.127814	0.014711	0.050479
4339.985476	0.955728	0.014711	0.050479
4350.028090	0.903972	0.014711	0.050479
4360.089251	0.746232	0.014711	0.050479
4369.943927	0.689819	0.014711	0.050479
4380.026795	0.631483	0.014711	0.050479
4390.060474	0.370477	0.014711	0.050479
4399.972094	0.300679	0.014711	0.050479
4409.998076	0.261571	0.014711	0.050479
4420.072835	0.157501	0.014711	0.050479
4429.936479	-0.022586	0.014711	0.050479
4439.994341	-0.012531	0.014711	0.050479
4450.044807	-0.089331	0.014711	0.050479
4459.925095	-0.234823	0.014711	0.050479
4470.003400	-0.428823	0.014711	0.050479
4480.016922	-0.604480	0.014711	0.050479
4490.098649	-0.631839	0.014711	0.050479
4499.955483	-0.797171	0.014711	0.050479
4510.029109	-0.702080	0.014711	0.050479
4520.089197	-0.952767	0.014711	0.050479
4529.984138	-1.032095	0.014711	0.050479
4540.001797	-1.036618	0.014711	0.050479
4550.074569	-1.237134	0.014711	0.050479
4559.930623	-1.206700	0.014711	0.050479
4570.035342	-1.535886	0.014711	0.050479
4580.074116	-1.549477	0.014711	0.050479
4589.932799	-1.712627	0.014711	0.050479
4599.992677	-1.776883	0.014711	0.050479
4610.055320	-1.872750	0.014711	0.050479
4619.925429	-1.963247	0.014711	0.050479
4630.012108	-2.148776	0.014711	0.050479
4640.025051	-2.074418	0.014711	0.050479
4649.902775	-2.319410	0.014711	0.050479
4659.990710	-2.270741	0.014711	0.050479
4670.029055	-2.603137	0.014711	0.050479
4680.101835	-2.483420	0.014711	0.050479
4689.956067	-2.678013	0.014711	0.050479
4700.021466	-2.720087	0.014711	0.050479
4710.067302	-2.912603	0.014711	0.050479
4719.945837	-3.008474	0.014711	0.050479
4729.987399	-3.097401	0.014711	0.050479
4740.018792	-3.252407	0.014711	0.050479
4749.947599	-3.263481	0.014711	0.050479
4759.975192	-3.363383	0.014711	0.050479
4770.083925	-3.331094	0.014711	0.050479
4779.958558	-3.519253	0.014711	0.050479
4789.986886	-3.663115	0.014711	0.050479
4800.041283	-3.701947	0.014711	0.050479
4809.919901	-3.818825	0.014711	0.050479
4819.967560	-3.953997	0.014711	0.050479
4830.025667	-4.078812	0.014711	0.050479
4840.102632	-4.116430	0.014711	0.050479
4849.948862	-4.260502	0.014711	0.050479
4860.017944	-4.230680	0.014711	0.050479
4870.054988	-4.408504	0.014711	0.050479
4879.944909	-4.467693	0.014711	0.050479
4890.027218	-4.700913	0.014711	0.050479
4900.075235	-4.749580	0.014711	0.050479
4909.943756	-4.853306	0.014711	0.050479
4919.986355	-4.933634	0.014711	0.050479
4930.063431	-5.045616	0.014711	0.050479
4939.901446	-5.141602	0.014711	0.050479
4949.991883	-5.278522	0.014711	0.050479
4960.046838	-5.287769	0.014711	0.050479
4969.896673	-5.348904	0.014711	0.050479
4979.976531	-5.399617	0.014711	0.050479
4990.028086	-5.465898	0.014711	0.050479
5000.095637	-5.580512	0.014711	0.050479
5009.964352	-5.689096	0.014711	0.050479
5020.048322	-5.886531	0.014711	0.050479
5030.073480	-5.968933	0.014711	0.050479
5039.962794	-6.005103	0.014711	0.050479
5050.003527	-6.135250	0.014711	0.050479
5060.067152	-6.136262	0.014711	0.050479
5069.959960	-6.297255	0.014711	0.050479
5079.991489	-6.504069	0.014711	0.050479
5090.049960	-6.566903	0.014711	0.050479
5099.927492	-6.439760	0.014711	0.050479
5109.981394	-6.650248	0.014711	0.050479
5120.046448	-6.736813	0.014711	0.050479
5129.912020	-6.858294	0.014711	0.050479
5139.975304	-6.883958	0.014711	0.050479
5150.037034	-7.069933	0.014711	0.050479
5160.080256	-7.007319	0.014711	0.050479
5169.956420	-7.157581	0.014711	0.050479
5180.052246	-7.264578	0.014711	0.050479
5190.094230	-7.353105	0.014711	0.050479
5199.953077	-7.481303	0.014711	0.050479
5210.023235	-7.496308	0.014711	0.050479
5220.051653	-7.602136	0.014711	0.050479
5229.943300	-7.747744	0.014711	0.050479
5239.995708	-7.718242	0.014711	0.050479
5250.038013	-7.987805	0.014711	0.050479
5259.936810	-8.011047	0.014711	0.050479
5269.958821	-8.027145	0.014711	0.050479
5280.047528	-8.101532	0.014711	0.050479
5289.902759	-8.113524	0.014711	0.050479
5299.985414	-8.181108	0.014711	0.050479
5310.051164	-8.515069	0.014711	0.050479
5320.082828	-8.480588	0.014711	0.050479
5329.943360	-8.563448	0.014711	0.050479
5340.020688	-8.683742	0.014711	0.050479
5350.076891	-8.708919	0.014711	0.050479
5359.952652	-8.767230	0.014711	0.050479
5369.996015	-8.830057	0.014711	0.050479
5380.059359	-8.970825	0.014711	0.050479
5389.913183	-9.115646	0.014711	0.050479
5400.008035	-9.165972	0.014711	0.050479
5410.032738	-9.295766	0.014711	0.050479
5419.894502	-9.370525	0.014711	0.050479
5430.009465	-9.343060	0.014711	0.050479
5440.061285	-9.522174	0.014711	0.050479
5449.919888	-9.551295	0.014711	0.050479
5459.961809	-9.750859	0.014711	0.050479
5470.078889	-9.804990	0.014711	0.050479
5480.112748	-9.745257	0.014711	0.050479
5489.989051	-9.965353	0.014711	0.050479
5500.053629	-9.914794	0.014711	0.050479
5510.076837	-10.067552	0.014711	0.050479
5519.948458	-10.139894	0.014711	0.050479
5530.021202	-10.075265	0.014711	0.050479
5540.063411	-10.349253	0.014711	0.050479
5549.931205	-10.262336	0.014711	0.050479
5559.986010	-10.484229	0.014711	0.050479
5570.057073	-10.602155	0.014711	0.050479
5579.934431	-10.535522	0.014711	0.050479
5589.979144	-10.656495	0.014711	0.050479
5600.063493	-10.798698	0.014711	0.050479
5609.898128	-10.795964	0.014711	0.050479
5619.977236	-10.866028	0.014711	0.050479
5630.046980	-10.920330	0.014711	0.050479
5640.092430	-11.013826	0.014711	0.050479
5649.964998	-11.341408	0.014711	0.050479
5660.020557	-11.329901	0.014711	0.050479
5670.074656	-11.352423	0.014711	0.050479
5679.952754	-11.392497	0.014711	0.050479
5690.025647	-11.514793	0.014711	0.050479
5700.074185	-11.634562	0.014711	0.050479
5709.939325	-11.589167	0.014711	0.050479
5720.011861	-11.609920	0.014711	0.050479
5730.056148	-11.706750	0.014711	0.050479
5739.920052	-11.757985	0.014711	0.050479
5749.992194	-12.003115	0.014711	0.050479
5760.036605	-11.894629	0.014711	0.050479
5769.909490	-12.117872	0.014711	0.050479
5779.989451	-12.093483	0.014711	0.050479
5790.035963	-12.253426	0.014711	0.050479
5800.088967	-12.369122	0.014711	0.050479
5809.968254	-12.444727	0.014711	0.050479
5820.017881	-12.433792	0.014711	0.050479
5830.118410	-12.511552	0.014711	0.050479
5839.978433	-12.531053	0.014711	0.050479
5850.001310	-12.654624	0.014711	0.050479
5860.077495	-12.825301	0.014711	0.050479
5869.957978	-12.930651	0.014711	0.050479
5880.033570	-13.066633	0.014711	0.050479
5890.051880	-12.958225	0.014711	0.050479
5899.929924	-13.175424	0.014711	0.050479
5909.994191	-13.186863	0.014711	0.050479
5920.059217	-13.284908	0.014711	0.050479
5929.898204	-13.370883	0.014711	0.050479
5939.968276	-13.360024	0.014711	0.050479
5950.056205	-13.359221	0.014711	0.050479
5960.099094	-13.378949	0.014711	0.050479
5969.951722	-13.547413	0.014711	0.050479
5980.049175	-13.667278	0.014711	0.050479
5990.099820	-13.627600	0.014711	0.050479
5999.958519	-13.709266	0.014711	0.050479
6010.009797	-13.770598	0.014711	0.050479
6020.087173	-13.970821	0.014711	0.050479
6029.930965	-13.943625	0.014711	0.050479
6039.984335	-13.951150	0.014711	0.050479
6050.086468	-14.125979	0.014711	0.050479
6059.912993	-14.192089	0.014711	0.050479
6069.994796	-14.232364	0.014711	0.050479
6080.044285	-14.410852	0.014711	0.050479
6089.926329	-14.252029	0.014711	0.050479
6099.996602	-14.524863	0.014711	0.050479
6110.024712	-14.623855	0.014711	0.050479
6119.928940	-14.664662	0.014711	0.050479
6129.965932	-14.522795	0.014711	0.050479
6140.014246	-14.676957	0.014711	0.050479
6150.070979	-14.708060	0.014711	0.050479
6159.984031	-14.941976	0.014711	0.050479
6169.997873	-14.867228	0.014711	0.050479
6180.064720	-15.026079	0.014711	0.050479
6189.931883	-15.165964	0.014711	0.050479
6200.043053	-15.058801	0.014711	0.050479
6210.091248	-15.079176	0.014711	0.050479
6219.954883	-15.344629	0.014711	0.050479
6229.985285	-15.386229	0.014711	0.050479
6240.086804	-15.382288	0.014711	0.050479
6249.910068	-15.490004	0.014711	0.050479
6259.985392	-15.683368	0.014711	0.050479
6270.044392	-15.474313	0.014711	0.050479
6279.912536	-15.580930	0.014711	0.050479
6290.003783	-15.865892	0.014711	0.050479
6300.020966	-15.822667	0.014711	0.050479
6310.071805	-15.802542	0.014711	0.050479
6319.959569	-15.780819	0.014711	0.050479
6330.027620	-15.963175	0.014711	0.050479
6340.073645	-15.979021	0.014711	0.050479
6349.948528	-16.132285	0.014711	0.050479
6360.018221	-16.101777	0.014711	0.050479
6370.071118	-16.371412	0.014711	0.050479
6379.935717	-16.467933	0.014711	0.050479
6390.011163	-16.356766	0.014711	0.050479
6400.056226	-16.514210	0.014711	0.050479
6409.926756	-16.453035	0.014711	0.050479
6419.994750	-16.618417	0.014711	0.050479
6430.051412	-16.665259	0.014711	0.050479
6439.905086	-16.672672	0.014711	0.050479
6449.994622	-16.827163	0.014711	0.050479
6460.029995	-16.935144	0.014711	0.050479
6470.084312	-16.950709	0.014711	0.050479
6479.971087	-17.098853	0.014711	0.050479
6490.001825	-16.918941	0.014711	0.050479
6500.076362	-17.143300	0.014711	0.050479
6509.943310	-16.987328	0.014711	0.050479
6520.012008	-17.245266	0.014711	0.050479
6530.069449	-17.329222	0.014711	0.050479
6539.943384	-17.284169	0.014711	0.050479
6549.998753	-17.434081	0.014711	0.050479
6560.050327	-17.367683	0.014711	0.050479
6569.955391	-17.585925	0.014711	0.050479
6579.975947	-17.538076	0.014711	0.050479
6590.015751	-17.761232	0.014711	0.050479
6599.899004	-17.673864	0.014711	0.050479
6609.990784	-17.746814	0.014711	0.050479
6620.026886	-17.857832	0.014711	0.050479
6630.090774	-17.748940	0.014711	0.050479
6639.961610	-17.868074	0.014711	0.050479
6650.017698	-17.969457	0.014711	0.050479
6660.082542	-18.001321	0.014711	0.050479
6669.973177	-18.040185	0.014711	0.050479
6680.027553	-18.071671	0.014711	0.050479
6690.073314	-18.196262	0.014711	0.050479
6699.920008	-18.254641	0.014711	0.050479
6709.982695	-18.336873	0.014711	0.050479
6720.053473	-18.524818	0.014711	0.050479
6729.925248	-18.579737	0.014711	0.050479
6739.965783	-18.465541	0.014711	0.050479
6750.082662	-18.675899	0.014711	0.050479
6759.931232	-18.628791	0.014711	0.050479
6769.983409	-18.695859	0.014711	0.050479
6780.052264	-18.678748	0.014711	0.050479
6790.081721	-18.930763	0.014711	0.050479
6799.933032	-18.847907	0.014711	0.050479
6810.032344	-18.941228	0.014711	0.050479
6820.072008	-19.063507	0.014711	0.050479
6829.952458	-18.959341	0.014711	0.050479
6840.019150	-19.194369	0.014711	0.050479
6850.057989	-19.158405	0.014711	0.050479
6859.938525	-19.255390	0.014711	0.050479
6870.006369	-19.192620	0.014711	0.050479
6880.073457	-19.284470	0.014711	0.050479
6889.929383	-19.278646	0.014711	0.050479
6899.978898	-19.390523	0.014711	0.050479
6910.057465	-19.617964	0.014711	0.050479
6919.915613	-19.524132	0.014711	0.050479
6929.981291	-19.441674	0.014711	0.050479
6940.044175	-19.779989	0.014711	0.050479
6950.089640	-19.887646	0.014711	0.050479
6959.979994	-19.731563	0.014711	0.050479
6970.015171	-19.960061	0.014711	0.050479
6980.093957	-19.884439	0.014711	0.050479
6989.971427	-20.130037	0.014711	0.050479
7000.009434	-20.126216	0.014711	0.050479
7010.086456	-20.210930	0.014711	0.050479
7019.937966	-20.102154	0.014711	0.050479
7029.998432	-20.219520	0.014711	0.050479
7040.067050	-20.151060	0.014711	0.050479
7049.933219	-20.240538	0.014711	0.050479
7059.988149	-20.292749	0.014711	0.050479
7070.044151	-20.409805	0.014711	0.050479
7079.935797	-20.491617	0.014711	0.050479
7089.979337	-20.510107	0.014711	0.050479
7100.051559	-20.485838	0.014711	0.050479
7110.083446	-20.552988	0.014711	0.050479
7119.971675	-20.780383	0.014711	0.050479
7130.014399	-20.766054	0.014711	0.050479
7140.091343	-20.786441	0.014711	0.050479
7149.947742	-20.975657	0.014711	0.050479
7160.007631	-20.994531	0.014711	0.050479
7170.090665	-20.899492	0.014711	0.050479
7179.922532	-21.001852	0.014711	0.050479
7190.002413	-21.155628	0.014711	0.050479
7200.072082	-21.023071	0.014711	0.050479
7209.909014	-21.018683	0.014711	0.050479
7220.012686	-21.180967	0.014711	0.050479
7230.032323	-21.225319	0.014711	0.050479
7239.917860	-21.248631	0.014711	0.050479
7249.998631	-21.397305	0.014711	0.050479
7260.024013	-21.217413	0.014711	0.050479
7270.096750	-21.548049	0.014711	0.050479
7279.959264	-21.575176	0.014711	0.050479
7290.035048	-21.539450	0.014711	0.050479
7300.092073	-21.620964	0.014711	0.050479
7309.952940	-21.598028	0.014711	0.050479
7320.001967	-21.602430	0.014711	0.050479
7330.050683	-21.764618	0.014711	0.050479
7339.980097	-21.708673	0.014711	0.050479
7350.017924	-21.788337	0.014711	0.050479
7360.057394	-22.058562	0.014711	0.050479
7369.938339	-22.057860	0.014711	0.050479
7379.990364	-22.240881	0.014711	0.050479
7390.050930	-22.078608	0.014711	0.050479
7399.908694	-22.258988	0.014711	0.050479
7409.976828	-22.234085	0.014711	0.050479
7420.038686	-22.132876	0.014711	0.050479
7430.095429	-22.356554	0.014711	0.050479
7439.972401	-22.339350	0.014711	0.050479
7450.055678	-22.327169	0.014711	0.050479
7460.107608	-22.311104	0.014711	0.050479
7469.944800	-22.487826	0.014711	0.050479
7480.023568	-22.565296	0.014711	0.050479
7490.075438	-22.577805	0.014711	0.050479
7499.952167	-22.486413	0.014711	0.050479
7510.001851	-22.714416	0.014711	0.050479
7520.063467	-22.765717	0.014711	0.050479
7529.936630	-22.797620	0.014711	0.050479
7540.010413	-22.746216	0.014711	0.050479
7550.053895	-22.733295	0.014711	0.050479
7559.919163	-22.801498	0.014711	0.050479
7569.971497	-22.874977	0.014711	0.050479
7580.080501	-23.005743	0.014711	0.050479
7590.101545	-22.924292	0.014711	0.050479
7599.968997	-23.136750	0.014711	0.050479
7610.060115	-23.241725	0.014711	0.050479
7620.097430	-23.106309	0.014711	0.050479
7629.961925	-23.228545	0.014711	0.050479
7640.014301	-23.347891	0.014711	0.050479
7650.084116	-23.269436	0.014711	0.050479
7659.950297	-23.287651	0.014711	0.050479
7669.991135	-23.460117	0.014711	0.050479
7680.059727	-23.393008	0.014711	0.050479
7689.941625	-23.610156	0.014711	0.050479
7699.985653	-23.541795	0.014711	0.050479
7710.054200	-23.636178	0.014711	0.050479
7719.923403	-23.568237	0.014711	0.050479
7730.010182	-23.648034	0.014711	0.050479
7740.032394	-23.704677	0.014711	0.050479
7749.916263	-23.765264	0.014711	0.050479
7759.979289	-23.816352	0.014711	0.050479
7770.038963	-23.829535	0.014711	0.050479
7780.097217	-23.851164	0.014711	0.050479
7789.951543	-24.121414	0.014711	0.050479
7800.028092	-23.882567	0.014711	0.050479
7810.064660	-24.006883	0.014711	0.050479
7819.957629	-24.160413	0.014711	0.050479
7829.993268	-23.946987	0.014711	0.050479
7840.096660	-24.115247	0.014711	0.050479
7849.923187	-24.157726	0.014711	0.050479
7860.009440	-24.219735	0.014711	0.050479
7870.065657	-24.232704	0.014711	0.050479
7879.933904	-24.423900	0.014711	0.050479
7889.976867	-24.503138	0.014711	0.050479
7900.019179	-24.279076	0.014711	0.050479
7909.915338	-24.402135	0.014711	0.050479
7919.991550	-24.651336	0.014711	0.050479
7930.038476	-24.592396	0.014711	0.050479