0.000000	-0.041522	0.	0.0047
0.000003	0.156887	0.	0.0047
0.000007	0.355618	0.	0.0047
0.000010	0.549196	0.	0.0047
0.000013	0.744063	0.	0.0047
0.000016	0.929589	0.	0.0047
0.000020	1.110606	0.	0.0047
0.000023	1.283249	0.	0.0047
0.000026	1.450094	0.	0.0047
0.000030	1.601156	0.	0.0047
0.000033	1.743523	0.	0.0047
0.000036	1.874616	0.	0.0047
0.000040	1.991214	0.	0.0047
0.000043	2.094929	0.	0.0047
0.000046	2.179963	0.	0.0047
0.000049	2.253723	0.	0.0047
0.000053	2.311700	0.	0.0047
0.000056	2.353895	0.	0.0047
0.000059	2.378375	0.	0.0047
0.000063	2.388682	0.	0.0047
0.000066	2.378052	0.	0.0047
0.000069	2.352929	0.	0.0047
0.000073	2.314277	0.	0.0047
0.000076	2.255334	0.	0.0047
0.000079	2.179641	0.	0.0047
0.000082	2.092675	0.	0.0047
0.000086	1.988960	0.	0.0047
0.000089	1.869784	0.	0.0047
0.000092	1.740624	0.	0.0047
0.000096	1.598258	0.	0.0047
0.000099	1.443652	0.	0.0047
0.000102	1.278095	0.	0.0047
0.000106	1.107385	0.	0.0047
0.000109	0.926690	0.	0.0047
0.000112	0.739876	0.	0.0047
0.000115	0.546620	0.	0.0047
0.000119	0.351109	0.	0.0047
0.000122	0.153666	0.	0.0047
0.000125	-0.046998	0.	0.0047
0.000129	-0.245729	0.	0.0047
0.000132	-0.445748	0.	0.0047
0.000135	-0.642546	0.	0.0047
0.000139	-0.833547	0.	0.0047
0.000142	-1.017783	0.	0.0047
0.000145	-1.195256	0.	0.0047
0.000148	-1.364032	0.	0.0047
0.000152	-1.525078	0.	0.0047
0.000155	-1.672273	0.	0.0047
0.000158	-1.811095	0.	0.0047
0.000162	-1.938643	0.	0.0047
0.000165	-2.051697	0.	0.0047
0.000168	-2.148646	0.	0.0047
0.000172	-2.231424	0.	0.0047
0.000175	-2.300673	0.	0.0047
0.000178	-2.353496	0.	0.0047
0.000181	-2.388604	0.	0.0047
0.000185	-2.407608	0.	0.0047
0.000188	-2.410506	0.	0.0047
0.000191	-2.396979	0.	0.0047
0.000195	-2.364769	0.	0.0047
0.000198	-2.317744	0.	0.0047
0.000201	-2.253970	0.	0.0047
0.000205	-2.176024	0.	0.0047
0.000208	-2.081329	0.	0.0047
0.000211	-1.971818	0.	0.0047
0.000214	-1.852966	0.	0.0047
0.000218	-1.716722	0.	0.0047
0.000221	-1.570492	0.	0.0047
0.000224	-1.411701	0.	0.0047
0.000228	-1.244858	0.	0.0047
0.000231	-1.070284	0.	0.0047
0.000234	-0.886048	0.	0.0047
0.000238	-0.698268	0.	0.0047
0.000241	-0.506624	0.	0.0047
0.000244	-0.306604	0.	0.0047
0.000247	-0.107873	0.	0.0047
0.000251	0.096656	0.	0.0047
0.000254	0.291522	0.	0.0047
0.000257	0.489287	0.	0.0047
0.000261	0.681577	0.	0.0047
0.000264	0.871290	0.	0.0047
0.000267	1.053595	0.	0.0047
0.000271	1.229137	0.	0.0047
0.000274	1.397270	0.	0.0047
0.000277	1.553808	0.	0.0047
0.000280	1.700040	0.	0.0047
0.000284	1.834998	0.	0.0047
0.000287	1.956428	0.	0.0047
0.000290	2.063042	0.	0.0047
0.000294	2.155806	0.	0.0047
0.000297	2.232787	0.	0.0047
0.000300	2.297850	0.	0.0047
0.000304	2.342944	0.	0.0047
0.000307	2.372899	0.	0.0047
0.000310	2.388360	0.	0.0047
0.000313	2.384172	0.	0.0047
0.000317	2.364524	0.	0.0047
0.000320	2.329094	0.	0.0047
0.000323	2.274659	0.	0.0047
0.000327	2.207019	0.	0.0047
0.000330	2.122952	0.	0.0047
0.000333	2.025357	0.	0.0047
0.000337	1.912945	0.	0.0047
0.000340	1.785395	0.	0.0047
0.000343	1.645606	0.	0.0047
0.000346	1.496476	0.	0.0047
0.000350	1.335106	0.	0.0047
0.000353	1.164718	0.	0.0047
0.000356	0.987244	0.	0.0047
0.000360	0.799463	0.	0.0047
0.000363	0.611360	0.	0.0047
0.000366	0.415528	0.	0.0047
0.000370	0.217440	0.	0.0047
0.000373	0.018709	0.	0.0047
0.000376	-0.182599	0.	0.0047
0.000379	-0.380685	0.	0.0047
0.000383	-0.577484	0.	0.0047
0.000386	-0.768484	0.	0.0047
0.000389	-0.955620	0.	0.0047
0.000393	-1.137924	0.	0.0047
0.000396	-1.308632	0.	0.0047
0.000399	-1.471932	0.	0.0047
0.000403	-1.625248	0.	0.0047
0.000406	-1.766646	0.	0.0047
0.000409	-1.897093	0.	0.0047
0.000412	-2.016267	0.	0.0047
0.000416	-2.118370	0.	0.0047
0.000419	-2.205334	0.	0.0047
0.000422	-2.279415	0.	0.0047
0.000426	-2.334815	0.	0.0047
0.000429	-2.376365	0.	0.0047
0.000432	-2.401810	0.	0.0047
0.000436	-2.409218	0.	0.0047
0.000439	-2.401810	0.	0.0047
0.000442	-2.378297	0.	0.0047
0.000445	-2.336103	0.	0.0047
0.000449	-2.274262	0.	0.0047
0.000452	-2.202435	0.	0.0047
0.000455	-2.114505	0.	0.0047
0.000459	-2.010791	0.	0.0047
0.000462	-1.889685	0.	0.0047
0.000465	-1.761493	0.	0.0047
0.000469	-1.617840	0.	0.0047
0.000472	-1.465169	0.	0.0047
0.000475	-1.301224	0.	0.0047
0.000478	-1.129227	0.	0.0047
0.000482	-0.947567	0.	0.0047
0.000485	-0.759788	0.	0.0047
0.000488	-0.568787	0.	0.0047
0.000492	-0.373277	0.	0.0047
0.000495	-0.171648	0.	0.0047
0.000498	0.026117	0.	0.0047
0.000502	0.226137	0.	0.0047
0.000505	0.424224	0.	0.0047
0.000508	0.618124	0.	0.0047
0.000511	0.811703	0.	0.0047
0.000515	0.995941	0.	0.0047
0.000518	1.173414	0.	0.0047
0.000521	1.344769	0.	0.0047
0.000525	1.503884	0.	0.0047
0.000528	1.654624	0.	0.0047
0.000531	1.788616	0.	0.0047
0.000535	1.916488	0.	0.0047
0.000538	2.027289	0.	0.0047
0.000541	2.126173	0.	0.0047
0.000544	2.211528	0.	0.0047
0.000548	2.276914	0.	0.0047
0.000551	2.331026	0.	0.0047
0.000554	2.363558	0.	0.0047
0.000558	2.383850	0.	0.0047
0.000561	2.389326	0.	0.0047
0.000564	2.373865	0.	0.0047
0.000568	2.341978	0.	0.0047
0.000571	2.295596	0.	0.0047
0.000574	2.230854	0.	0.0047
0.000577	2.153229	0.	0.0047
0.000581	2.058855	0.	0.0047
0.000584	1.948698	0.	0.0047
0.000587	1.827912	0.	0.0047
0.000591	1.693598	0.	0.0047
0.000594	1.547367	0.	0.0047
0.000597	1.389218	0.	0.0047
0.000601	1.220440	0.	0.0047
0.000604	1.044255	0.	0.0047
0.000607	0.861949	0.	0.0047
0.000610	0.673202	0.	0.0047
0.000614	0.479302	0.	0.0047
0.000617	0.281859	0.	0.0047
0.000620	0.083128	0.	0.0047
0.000624	-0.115926	0.	0.0047
0.000627	-0.315301	0.	0.0047
0.000630	-0.513065	0.	0.0047
0.000634	-0.707931	0.	0.0047
0.000637	-0.896355	0.	0.0047
0.000640	-1.079947	0.	0.0047
0.000643	-1.252588	0.	0.0047
0.000647	-1.420076	0.	0.0047
0.000650	-1.578223	0.	0.0047
0.000653	-1.723808	0.	0.0047
0.000657	-1.858764	0.	0.0047
0.000660	-1.980515	0.	0.0047
0.000663	-2.086483	0.	0.0047
0.000667	-2.180211	0.	0.0047
0.000670	-2.257513	0.	0.0047
0.000673	-2.318388	0.	0.0047
0.000676	-2.366058	0.	0.0047
0.000680	-2.394402	0.	0.0047
0.000683	-2.411473	0.	0.0047
0.000686	-2.406963	0.	0.0047
0.000690	-2.388604	0.	0.0047
0.000693	-2.350920	0.	0.0047
0.000696	-2.299385	0.	0.0047
0.000700	-2.228525	0.	0.0047
0.000703	-2.144137	0.	0.0047
0.000706	-2.045255	0.	0.0047
0.000709	-1.933167	0.	0.0047
0.000713	-1.808518	0.	0.0047
0.000716	-1.665831	0.	0.0047
0.000719	-1.519602	0.	0.0047
0.000723	-1.355013	0.	0.0047
0.000726	-1.186559	0.	0.0047
0.000729	-1.007799	0.	0.0047
0.000733	-0.822918	0.	0.0047
0.000736	-0.628374	0.	0.0047
0.000739	-0.435441	0.	0.0047
0.000742	-0.235744	0.	0.0047
0.000746	-0.037979	0.	0.0047
0.000749	0.163007	0.	0.0047
0.000752	0.359161	0.	0.0047
0.000756	0.556282	0.	0.0047
0.000759	0.749539	0.	0.0047
0.000762	0.935709	0.	0.0047
0.000766	1.116404	0.	0.0047
0.000769	1.289046	0.	0.0047
0.000772	1.452349	0.	0.0047
0.000775	1.606632	0.	0.0047
0.000779	1.748998	0.	0.0047
0.000782	1.875582	0.	0.0047
0.000785	1.993147	0.	0.0047
0.000789	2.098150	0.	0.0047
0.000792	2.186083	0.	0.0047
0.000795	2.258877	0.	0.0047
0.000799	2.317820	0.	0.0047
0.000802	2.354539	0.	0.0047
0.000805	2.377730	0.	0.0047
0.000808	2.386427	0.	0.0047
0.000812	2.377730	0.	0.0047
0.000815	2.352607	0.	0.0047
0.000818	2.312023	0.	0.0047
0.000822	2.253079	0.	0.0047