0.000000	-1.944118
0.000003	-1.767934
0.000007	-1.579189
0.000010	-1.380136
0.000013	-1.170455
0.000016	-0.953365
0.000020	-0.728867
0.000023	-0.500504
0.000026	-0.268275
0.000030	-0.034436
0.000033	0.199081
0.000036	0.431954
0.000040	0.660963
0.000043	0.885140
0.000046	1.103842
0.000049	1.315136
0.000053	1.516445
0.000056	1.707448
0.000059	1.886211
0.000063	2.052091
0.000066	2.203476
0.000069	2.340689
0.000073	2.460187
0.000076	2.563580
0.000079	2.649258
0.000082	2.716899
0.000086	2.764892
0.000089	2.793558
0.000092	2.803543
0.000096	2.792592
0.000099	2.762637
0.000102	2.713356
0.000106	2.644427
0.000109	2.557783
0.000112	2.452457
0.000115	2.329416
0.000119	2.189626
0.000122	2.035020
0.000125	1.866241
0.000129	1.683613
0.000132	1.489712
0.000135	1.285181
0.000139	1.071311
0.000142	0.850676
0.000145	0.624244
0.000148	0.392659
0.000152	0.158175
0.000155	-0.075986
0.000158	-0.310791
0.000162	-0.543020
0.000165	-0.771705
0.000168	-0.995237
0.000172	-1.211683
0.000175	-1.420398
0.000178	-1.618484
0.000181	-1.806907
0.000185	-1.982769
0.000188	-2.144459
0.000191	-2.291333
0.000195	-2.423712
0.000198	-2.539021
0.000201	-2.635970
0.000205	-2.716171
0.000208	-2.777368
0.000211	-2.819562
0.000214	-2.842431
0.000218	-2.844685
0.000221	-2.828259
0.000224	-2.790896
0.000228	-2.735818
0.000231	-2.660449
0.000234	-2.566399
0.000238	-2.455277
0.000241	-2.326441
0.000244	-2.181500
0.000247	-2.020776
0.000251	-1.848135
0.000254	-1.661644
0.000257	-1.463236
0.000261	-1.255487
0.000264	-1.039364
0.000267	-0.816154
0.000271	-0.587791
0.000274	-0.354918
0.000277	-0.121079
0.000280	0.114049
0.000284	0.348210
0.000287	0.579473
0.000290	0.806227
0.000294	1.026862
0.000297	1.240410
0.000300	1.446229
0.000304	1.640452
0.000307	1.824047
0.000310	1.994757
0.000313	2.151618
0.000317	2.293985
0.000320	2.419281
0.000323	2.528472
0.000327	2.619948
0.000330	2.693708
0.000333	2.748787
0.000337	2.784862
0.000340	2.800645
0.000343	2.796457
0.000346	2.773588
0.000350	2.730105
0.000353	2.668262
0.000356	2.586449
0.000360	2.486921
0.000363	2.369356
0.000366	2.236008
0.000370	2.085911
0.000373	1.921642
0.000376	1.743523
0.000379	1.553164
0.000383	1.351855
0.000386	1.141205
0.000389	0.922825
0.000393	0.697359
0.000396	0.467707
0.000399	0.234511
0.000403	0.000350
0.000406	-0.234778
0.000409	-0.468295
0.000412	-0.698268
0.000416	-0.924055
0.000419	-1.142755
0.000422	-1.354369
0.000426	-1.555998
0.000429	-1.747965
0.000432	-1.926403
0.000436	-2.093247
0.000439	-2.245918
0.000442	-2.381518
0.000445	-2.503269
0.000449	-2.605694
0.000452	-2.692336
0.000455	-2.759331
0.000459	-2.807323
0.000462	-2.836311
0.000465	-2.845974
0.000469	-2.835667
0.000472	-2.805390
0.000475	-2.755466
0.000478	-2.686861
0.000482	-2.599252
0.000485	-2.493284
0.000488	-2.369923
0.000492	-2.230135
0.000495	-2.074243
0.000498	-1.905145
0.000502	-1.722842
0.000505	-1.528298
0.000508	-1.323770
0.000511	-1.109902
0.000515	-0.889591
0.000518	-0.662194
0.000521	-0.431254
0.000525	-0.197415
0.000528	0.037068
0.000531	0.272196
0.000535	0.504748
0.000538	0.732790
0.000541	0.956323
0.000544	1.173092
0.000548	1.380521
0.000551	1.578932
0.000554	1.766069
0.000558	1.941290
0.000561	2.102660
0.000564	2.249214
0.000568	2.380307
0.000571	2.495296
0.000574	2.592247
0.000577	2.671483
0.000581	2.733648
0.000584	2.774877
0.000587	2.797101
0.000591	2.800000
0.000594	2.783573
0.000597	2.746532
0.000601	2.690809
0.000604	2.615438
0.000607	2.521064
0.000610	2.410262
0.000614	2.281101
0.000617	2.136480
0.000620	1.976720
0.000624	1.803110
0.000627	1.616295
0.000630	1.418851
0.000634	1.211422
0.000637	0.994652
0.000640	0.771763
0.000643	0.543077
0.000647	0.311170
0.000650	0.076686
0.000653	-0.158120
0.000657	-0.392281
0.000660	-0.623865
0.000663	-0.850940
0.000667	-1.071895
0.000670	-1.285764
0.000673	-1.491258
0.000676	-1.686767
0.000680	-1.871004
0.000683	-2.040746
0.000686	-2.197604
0.000690	-2.339646
0.000693	-2.465584
0.000696	-2.574451
0.000700	-2.665925
0.000703	-2.739361
0.000706	-2.793473
0.000709	-2.829225
0.000713	-2.845007
0.000716	-2.841464
0.000719	-2.817952
0.000723	-2.774792
0.000726	-2.711340
0.000729	-2.629528
0.000733	-2.530002
0.000736	-2.412117
0.000739	-2.277161
0.000742	-2.126422
0.000746	-1.961833
0.000749	-1.783395
0.000752	-1.593361
0.000756	-1.391410
0.000759	-1.180118
0.000762	-0.961417
0.000766	-0.736597
0.000769	-0.506624
0.000772	-0.273107
0.000775	-0.038301
0.000779	0.195860
0.000782	0.429056
0.000785	0.658708
0.000789	0.883852
0.000792	1.103198
0.000795	1.313848
0.000799	1.515479
0.000802	1.707126
0.000805	1.885567
0.000808	2.051769
0.000812	2.204120
0.000815	2.340045
0.000818	2.459865
0.000822	2.563903
0.000825	2.648614
0.000828	2.715933
0.000832	2.763603
0.000835	2.792592
0.000838	2.800967
0.000841	2.791304
0.000845	2.760060
0.000848	2.711745
0.000851	2.641850
0.000855	2.554240
0.000858	2.448270
0.000861	2.325551
0.000865	2.185761
0.000868	2.030188
0.000871	1.860766
0.000874	1.678781
0.000878	1.483914
0.000881	1.279706
0.000884	1.065835
0.000888	0.844556
0.000891	0.617802
0.000894	0.386861
0.000898	0.153022
0.000901	-0.082106
0.000904	-0.316589
0.000907	-0.548173
0.000911	-0.776859
0.000914	-1.000390
0.000917	-1.217158
0.000921	-1.424907
0.000924	-1.623637
0.000927	-1.810450
0.000931	-1.986312
0.000934	-2.147680
0.000937	-2.294876
0.000940	-2.426289
0.000944	-2.540631
0.000947	-2.638225
0.000950	-2.717137
0.000954	-2.778012
0.000957	-2.819884
0.000960	-2.842109
0.000964	-2.844363
0.000967	-2.826970
0.000970	-2.789930
0.000973	-2.732920
0.000977	-2.658195
0.000980	-2.564144
0.000983	-2.452378
0.000987	-2.322575
