4399.944576	-46.776533
4399.930924	-46.749671
4399.938934	-46.770705
4399.949924	-46.790399
4399.947120	-46.806135
4399.940917	-46.819893
4399.942647	-46.876780
4399.948485	-46.735808
4399.940950	-46.749092
4399.948208	-46.806039
4399.943683	-46.783379
4399.944683	-46.799506
4399.942183	-46.737683
4399.936628	-46.794029
4399.937304	-46.771890
4399.945984	-46.793097
4399.943401	-46.772646
4399.938593	-46.789126
4399.946019	-46.808423
4399.939191	-46.783437
4399.951442	-46.764596
4399.945334	-46.781080
4399.944605	-46.797080
4399.953636	-46.739677
4399.949484	-46.755820
4399.930391	-46.767285
4399.942028	-46.750598
4399.950414	-46.850704
4399.944336	-46.746617
4399.948570	-46.804742
4399.938927	-46.821508
4399.941407	-46.759347
4399.949285	-46.778652
4399.934015	-46.749918
4399.945528	-46.771137
4399.951957	-46.790782
4399.938129	-46.803285
4399.950788	-46.743667
4399.936127	-46.756895
4399.932786	-46.811284
4399.942454	-46.791605
4399.939205	-46.847887
4399.937909	-46.824731
4399.934412	-46.761349
4399.951465	-46.744060
4399.947147	-46.797378
4399.947060	-46.733721
4399.944425	-46.789024
4399.936334	-46.801698
4399.941345	-46.821868
4399.942617	-46.719781
4399.942514	-46.814285
4399.947913	-46.793150
4399.949163	-46.806731
4399.941748	-46.744601
4399.949199	-46.723211
4399.947317	-46.776934
4399.949271	-46.753832
4399.949436	-46.806003
4399.943811	-46.821135
4399.947857	-46.795714
4399.937569	-46.806300
4399.944754	-46.783618
4399.947127	-46.719032
4399.927808	-46.808859
4399.948439	-46.789694
4399.951485	-46.805166
4399.942984	-46.781666
4399.940071	-46.792587
4399.943201	-46.804841
4399.945978	-46.818035
4399.938535	-46.710627
4399.937917	-46.763284
4399.950598	-46.778810
4399.941721	-46.827263
4399.945196	-46.841205
4399.945114	-46.814255
4399.949494	-46.789294
4399.950735	-46.841434
4399.938486	-46.730092
4399.937848	-46.778632
4399.947672	-46.756419
4399.940938	-46.804846
4399.952961	-46.818782
4399.944495	-46.786289
4399.936441	-46.794870
4399.939397	-46.804568
4399.935330	-46.773469
4399.940623	-46.744106
4399.945417	-46.797119
4399.939250	-46.805782
4399.942161	-46.777078
4399.945644	-46.749686
4399.944641	-46.721782
4399.942662	-46.811824
4399.936102	-46.781555
4399.943136	-46.833671
4399.940940	-46.765880
4399.950190	-46.777337
4399.941575	-46.745071
4399.945994	-46.755289
4399.948014	-46.807294
4399.957990	-46.862005
4399.939935	-46.749287
4399.952735	-46.765100
4399.944963	-46.812397
4399.944635	-46.824714
4399.935191	-46.790958
4399.935181	-46.802728
4399.939917	-46.773560
4399.944086	-46.822464
4399.950072	-46.754575
4399.951088	-46.803598
4399.945918	-46.810614
4399.935879	-46.856734
4399.942366	-46.750635
4399.939089	-46.798689
4399.938829	-46.769975
4399.939814	-46.777774
4399.941727	-46.786637
4399.943671	-46.796270
4399.937071	-46.763458
4399.937638	-46.772111
4399.949343	-46.864322
4399.943225	-46.792269
4399.943063	-46.803466
4399.946216	-46.774117
4399.941947	-46.741705
4399.941849	-46.830528
4399.943429	-46.766301
4399.951387	-46.775266
4399.952501	-46.826775
4399.942665	-46.754071
4399.937403	-46.799052
4399.949275	-46.775977
4399.942327	-46.784904
4399.942678	-46.795616
4399.941751	-46.802650
4399.952863	-46.815755
4399.941144	-46.820960
4399.943119	-46.789974
4399.939437	-46.837323
4399.950970	-46.768209
4399.945862	-46.815497
4399.934985	-46.784018
4399.944905	-46.718701
4399.944973	-46.766670
4399.942542	-46.774496
4399.943275	-46.744545
4399.949508	-46.796112
4399.934060	-46.840619
4399.938454	-46.775035
4399.935503	-46.822055
4399.940326	-46.793916
4399.944806	-46.764252
4399.939901	-46.732428
4399.941456	-46.903502
4399.934452	-46.713072
4399.943342	-46.804168
4399.944358	-46.777855
4399.946713	-46.790397
4399.944014	-46.840891
4399.938349	-46.809794
4399.945273	-46.822865
4399.949725	-46.794223
4399.947184	-46.725813
4399.937036	-46.772336
4399.941597	-46.786457
4399.946892	-46.838738
4399.950891	-46.809449
4399.952185	-46.821403
4399.952376	-46.870353
4399.934146	-46.796711
4399.935893	-46.807148
4399.950932	-46.822628
4399.943734	-46.791085
4399.937277	-46.719592
4399.940217	-46.768342
4399.942613	-46.780564
4399.952174	-46.830331
4399.939053	-46.760190
4399.944680	-46.769338
4399.950260	-46.819280
4399.949047	-46.831685
4399.943002	-46.719585
4399.941508	-46.767908
4399.931979	-46.774240
4399.944612	-46.827175
4399.940450	-46.757241
4399.947253	-46.808795
4399.951074	-46.739835
4399.937852	-46.748192
4399.939051	-46.758628
4399.945226	-46.810032
4399.947674	-46.822218
4399.946081	-46.830159
4399.954123	-46.841361
4399.950100	-46.769985
4399.939734	-46.813720
4399.935721	-46.780684
4399.945594	-46.792609
4399.934482	-46.717343
4399.941079	-46.766720
4399.948943	-46.814442
4399.944528	-46.782139
4399.944738	-46.788262
4399.939248	-46.754525
4399.942468	-46.803370
4399.941081	-46.772110
4399.956931	-46.861359
4399.956285	-46.867703
4399.943649	-46.790944
4399.943004	-46.758280
4399.953327	-46.808547
4399.943729	-46.773032
4399.935469	-46.815740
4399.940486	-46.824923
4399.942608	-46.755477
4399.941293	-46.764541
4399.945229	-46.773168
4399.939550	-46.778643
4399.941198	-46.746652
4399.941732	-46.753681
4399.940994	-46.798691
4399.949563	-46.807943
4399.949373	-46.814532
4399.939659	-46.779275
4399.941351	-46.783616
4399.939799	-46.750178
4399.934055	-46.717190
4399.953936	-46.770406
4399.940967	-46.695604
4399.946322	-46.821202
4399.942045	-46.747850
