4105.979785	3.691778	0.014711	0.100958
4108.083368	3.559500	0.014711	0.100958
4109.926846	3.668980	0.014711	0.100958
4111.998379	3.618342	0.014711	0.100958
4114.022529	3.523815	0.014711	0.100958
4116.104251	3.599156	0.014711	0.100958
4117.947850	3.466491	0.014711	0.100958
4119.988935	3.452981	0.014711	0.100958
4122.063486	3.530616	0.014711	0.100958
4124.098677	3.410357	0.014711	0.100958
4125.920449	3.390577	0.014711	0.100958
4128.018561	3.492249	0.014711	0.100958
4130.064274	3.415541	0.014711	0.100958
4132.089433	3.281140	0.014711	0.100958
4133.969718	3.395444	0.014711	0.100958
4136.013285	3.547665	0.014711	0.100958
4138.074748	3.357250	0.014711	0.100958
4139.904779	3.236055	0.014711	0.100958
4141.968853	3.216481	0.014711	0.100958
4143.986352	3.290033	0.014711	0.100958
4146.072743	3.288378	0.014711	0.100958
4147.922968	3.226069	0.014711	0.100958
4149.963662	3.171971	0.014711	0.100958
4152.020652	3.141999	0.014711	0.100958
4154.099153	3.149823	0.014711	0.100958
4155.950487	3.056349	0.014711	0.100958
4157.988490	3.069518	0.014711	0.100958
4160.040860	2.983415	0.014711	0.100958
4162.071779	3.120631	0.014711	0.100958
4163.981963	2.919105	0.014711	0.100958
4165.978270	3.116295	0.014711	0.100958
4168.039329	3.038182	0.014711	0.100958
4170.107688	2.830883	0.014711	0.100958
4171.980329	2.779241	0.014711	0.100958
4173.995873	2.911753	0.014711	0.100958
4176.051542	2.848233	0.014711	0.100958
4177.911121	2.854964	0.014711	0.100958
4179.969698	2.880199	0.014711	0.100958
4182.015905	2.830438	0.014711	0.100958
4184.048348	2.624676	0.014711	0.100958
4185.916132	2.792203	0.014711	0.100958
4187.968582	2.749093	0.014711	0.100958
4190.026648	2.698543	0.014711	0.100958
4192.052429	2.725708	0.014711	0.100958
4193.944010	2.707522	0.014711	0.100958
4195.997389	2.712972	0.014711	0.100958
4198.006675	2.617637	0.014711	0.100958
4200.062973	2.579669	0.014711	0.100958
4201.972497	2.467804	0.014711	0.100958
4203.992328	2.438565	0.014711	0.100958
4206.017025	2.566290	0.014711	0.100958
4208.114225	2.462264	0.014711	0.100958
4209.962642	2.431202	0.014711	0.100958
4212.017059	2.513357	0.014711	0.100958
4214.068562	2.397760	0.014711	0.100958
4215.904648	2.453558	0.014711	0.100958
4217.958763	2.358150	0.014711	0.100958
4220.025936	2.351956	0.014711	0.100958
4222.104544	2.358135	0.014711	0.100958
4223.918717	2.330223	0.014711	0.100958
4225.955390	2.269682	0.014711	0.100958
4228.009255	2.370675	0.014711	0.100958
4230.070696	2.188753	0.014711	0.100958
4231.957349	2.163227	0.014711	0.100958
4233.959215	2.335907	0.014711	0.100958
4236.042860	2.288196	0.014711	0.100958
4238.103071	2.124846	0.014711	0.100958
4239.975327	2.249327	0.014711	0.100958
4241.995017	2.080720	0.014711	0.100958
4244.019735	2.066849	0.014711	0.100958
4246.100189	1.971421	0.014711	0.100958
4247.949869	1.988365	0.014711	0.100958
4250.006153	1.841417	0.014711	0.100958
4252.029873	1.957528	0.014711	0.100958
4253.936252	1.975801	0.014711	0.100958
4255.958296	1.985460	0.014711	0.100958
4257.990749	1.994622	0.014711	0.100958
4260.030302	1.927432	0.014711	0.100958
4261.908922	1.942744	0.014711	0.100958
4264.000528	1.747967	0.014711	0.100958
4266.018163	1.714639	0.014711	0.100958
4268.091921	1.780971	0.014711	0.100958
4269.926728	1.906844	0.014711	0.100958
4271.957298	1.867356	0.014711	0.100958
4274.006754	1.642926	0.014711	0.100958
4276.090713	1.729931	0.014711	0.100958
4277.947750	1.771268	0.014711	0.100958
4280.028691	1.634569	0.014711	0.100958
4282.029060	1.638250	0.014711	0.100958
4284.062685	1.664838	0.014711	0.100958
4285.968789	1.774860	0.014711	0.100958
4287.980083	1.566761	0.014711	0.100958
4290.086883	1.603691	0.014711	0.100958
4291.909574	1.651839	0.014711	0.100958
4293.949260	1.621009	0.014711	0.100958
4295.989774	1.504041	0.014711	0.100958
4298.061154	1.444359	0.014711	0.100958
4299.881212	1.471850	0.014711	0.100958
4301.987977	1.345024	0.014711	0.100958
4303.986541	1.463230	0.014711	0.100958
4306.065180	1.275744	0.014711	0.100958
4307.955219	1.460473	0.014711	0.100958
4309.973408	1.369301	0.014711	0.100958
4312.043645	1.377992	0.014711	0.100958
4314.085848	1.298690	0.014711	0.100958
4315.922250	1.324324	0.014711	0.100958
4318.004850	1.301051	0.014711	0.100958
4320.052903	1.339641	0.014711	0.100958
4322.091389	1.204069	0.014711	0.100958
4323.945692	1.241607	0.014711	0.100958
4325.991087	1.066749	0.014711	0.100958
4328.028510	1.139081	0.014711	0.100958
4330.104364	1.092145	0.014711	0.100958
4332.001810	1.046215	0.014711	0.100958
4333.998301	1.028359	0.014711	0.100958
4336.009801	0.949852	0.014711	0.100958
4337.923977	1.148150	0.014711	0.100958
4339.960259	0.982220	0.014711	0.100958
4342.020043	0.995321	0.014711	0.100958
4344.082205	0.967717	0.014711	0.100958
4345.937218	1.006611	0.014711	0.100958
4347.960663	0.894695	0.014711	0.100958
4350.017923	1.022837	0.014711	0.100958
4352.081328	0.838071	0.014711	0.100958
4353.940686	0.831976	0.014711	0.100958
4356.015028	0.989932	0.014711	0.100958
4358.026819	0.863316	0.014711	0.100958
4360.085508	0.780277	0.014711	0.100958
4361.945632	0.801677	0.014711	0.100958
4364.013397	0.739314	0.014711	0.100958
4366.029790	0.795339	0.014711	0.100958
4368.107619	0.862283	0.014711	0.100958
4369.954427	0.530056	0.014711	0.100958
4372.032930	0.742792	0.014711	0.100958
4374.056801	0.622950	0.014711	0.100958
4375.931969	0.730500	0.014711	0.100958
4377.980185	0.680614	0.014711	0.100958
4380.022843	0.578642	0.014711	0.100958
4382.069474	0.661619	0.014711	0.100958
4383.947563	0.621391	0.014711	0.100958
4386.000662	0.523575	0.014711	0.100958
4388.024332	0.563836	0.014711	0.100958
4390.064408	0.517808	0.014711	0.100958
4391.928447	0.503129	0.014711	0.100958
4393.983725	0.473339	0.014711	0.100958
4396.074400	0.382338	0.014711	0.100958
4398.112022	0.349009	0.014711	0.100958
4399.963219	0.358790	0.014711	0.100958
4401.992471	0.457279	0.014711	0.100958
4404.017742	0.350546	0.014711	0.100958
4406.104466	0.347843	0.014711	0.100958
4407.974338	0.243927	0.014711	0.100958
4409.988145	0.387380	0.014711	0.100958
4412.040905	0.265242	0.014711	0.100958
4413.904787	0.264850	0.014711	0.100958
4415.987635	0.272077	0.014711	0.100958
4418.000108	0.099411	0.014711	0.100958
4420.072191	0.200077	0.014711	0.100958
4421.956966	0.152388	0.014711	0.100958
4423.987968	0.244790	0.014711	0.100958
4426.009313	0.030326	0.014711	0.100958
4428.049184	0.023832	0.014711	0.100958
4429.954988	0.052385	0.014711	0.100958
4431.989857	0.011580	0.014711	0.100958
4434.035250	-0.054596	0.014711	0.100958
4436.064975	0.107909	0.014711	0.100958
4437.946575	0.022949	0.014711	0.100958
4440.001649	-0.034056	0.014711	0.100958
4442.031394	0.041879	0.014711	0.100958
4444.113574	0.035193	0.014711	0.100958
4445.953010	-0.081304	0.014711	0.100958
4448.031236	-0.077851	0.014711	0.100958
4450.053501	-0.263578	0.014711	0.100958
4451.886945	-0.065077	0.014711	0.100958
4453.956779	-0.233266	0.014711	0.100958
4456.032362	-0.278961	0.014711	0.100958
4458.061643	-0.219914	0.014711	0.100958
4459.933251	-0.213978	0.014711	0.100958
4461.974864	-0.226982	0.014711	0.100958
4464.020928	-0.413785	0.014711	0.100958
4466.067049	-0.306093	0.014711	0.100958
4467.927807	-0.359622	0.014711	0.100958
4469.982025	-0.449426	0.014711	0.100958
4472.033322	-0.386492	0.014711	0.100958
4474.089373	-0.332033	0.014711	0.100958
4475.963899	-0.408689	0.014711	0.100958
4477.994839	-0.496332	0.014711	0.100958
4480.036590	-0.486834	0.014711	0.100958
4482.080437	-0.500091	0.014711	0.100958
4483.954390	-0.460707	0.014711	0.100958
4485.978724	-0.682185	0.014711	0.100958
4488.047408	-0.592433	0.014711	0.100958