0.000000	-0.039590
0.000003	0.205201
0.000007	0.451924
0.000010	0.699614
0.000013	0.944728
0.000016	1.181789
0.000020	1.420461
0.000023	1.657845
0.000026	1.881702
0.000030	2.110068
0.000033	2.329738
0.000036	2.538135
0.000040	2.746854
0.000043	2.941724
0.000046	3.133372
0.000049	3.317613
0.000053	3.484783
0.000056	3.652919
0.000059	3.806562
0.000063	3.944099
0.000066	4.078737
0.000069	4.199848
0.000073	4.309041
0.000076	4.407282
0.000079	4.491995
0.000082	4.567045
0.000086	4.631466
0.000089	4.676238
0.000092	4.712636
0.000096	4.740337
0.000099	4.750967
0.000102	4.750322
0.000106	4.732285
0.000109	4.701685
0.000112	4.665609
0.000115	4.610851
0.000119	4.546753
0.000122	4.468804
0.000125	4.382802
0.000129	4.280696
0.000132	4.166349
0.000135	4.039441
0.000139	3.905125
0.000142	3.763078
0.000145	3.605571
0.000148	3.442588
0.000152	3.265111
0.000155	3.084413
0.000158	2.890510
0.000162	2.689199
0.000165	2.483056
0.000168	2.270150
0.000172	2.049192
0.000175	1.824691
0.000178	1.594392
0.000181	1.358619
0.000185	1.122201
0.000188	0.879987
0.000191	0.631974
0.000195	0.387506
0.000198	0.138206
0.000201	-0.103042
0.000205	-0.348798
0.000208	-0.596487
0.000211	-0.841921
0.000214	-1.083812
0.000218	-1.326991
0.000221	-1.561474
0.000224	-1.795956
0.000228	-2.025929
0.000231	-2.243341
0.000234	-2.460431
0.000238	-2.671078
0.000241	-2.871741
0.000244	-3.064029
0.000247	-3.250842
0.000251	-3.432824
0.000254	-3.599990
0.000257	-3.759103
0.000261	-3.914029
0.000264	-4.048341
0.000267	-4.177178
0.000271	-4.290232
0.000274	-4.396845
0.000277	-4.493150
0.000280	-4.573351
0.000284	-4.646144
0.000287	-4.699612
0.000290	-4.746959
0.000294	-4.775626
0.000297	-4.795273
0.000300	-4.801393
0.000304	-4.795273
0.000307	-4.773693
0.000310	-4.743738
0.000313	-4.698645
0.000317	-4.642923
0.000320	-4.569808
0.000323	-4.487997
0.000327	-4.387504
0.000330	-4.287011
0.000333	-4.169126
0.000337	-4.042866
0.000340	-3.902434
0.000343	-3.751051
0.000346	-3.592259
0.000350	-3.425738
0.000353	-3.241502
0.000356	-3.056299
0.000360	-2.863045
0.000363	-2.658517
0.000366	-2.446581
0.000370	-2.231102
0.000373	-2.008859
0.000376	-1.781784
0.000379	-1.546013
0.000383	-1.312175
0.000386	-1.072539
0.000389	-0.829682
0.000393	-0.578128
0.000396	-0.334948
0.000399	-0.087581
0.000403	0.156887
0.000406	0.403610
0.000409	0.649045
0.000412	0.891582
0.000416	1.134441
0.000419	1.372469
0.000422	1.607920
0.000426	1.837575
0.000429	2.064974
0.000432	2.283034
0.000436	2.497873
0.000439	2.704981
0.000442	2.904682
0.000445	3.096331
0.000449	3.278961
0.000452	3.452895
0.000455	3.614589
0.000459	3.772419
0.000462	3.916076
0.000465	4.050714
0.000469	4.174724
0.000472	4.288104
0.000475	4.389566
0.000478	4.476856
0.000482	4.553839
0.000485	4.616649
0.000488	4.666253
0.000492	4.703939
0.000495	4.732607
0.000498	4.751933
0.000502	4.749034
0.000505	4.741304
0.000508	4.712314
0.000511	4.674306
0.000515	4.628889
0.000518	4.564146
0.000521	4.487808
0.000525	4.401162
0.000528	4.303887
0.000531	4.190185
0.000535	4.068752
0.000538	3.937979
0.000541	3.796254
0.000544	3.641968
0.000548	3.474476
0.000551	3.303119
0.000554	3.122743
0.000558	2.929806
0.000561	2.734614
0.000564	2.524607
0.000568	2.316532
0.000571	2.097506
0.000574	1.870428
0.000577	1.640452
0.000581	1.408544
0.000584	1.168261
0.000587	0.929267
0.000591	0.687697
0.000594	0.436786
0.000597	0.193928
0.000601	-0.049574
0.000604	-0.299518
0.000607	-0.546885
0.000610	-0.791353
0.000614	-1.033566
0.000617	-1.276745
0.000620	-1.515737
0.000624	-1.746676
0.000627	-1.979548
0.000630	-2.200825
0.000634	-2.416948
0.000637	-2.625663
0.000640	-2.831802
0.000643	-3.027633
0.000647	-3.213480
0.000650	-3.394495
0.000653	-3.566814
0.000657	-3.729470
0.000660	-3.877955
0.000663	-4.019997
0.000667	-4.151411
0.000670	-4.268974
0.000673	-4.378164
0.000676	-4.474147
0.000680	-4.558535
0.000683	-4.629396
0.000686	-4.691559
0.000690	-4.737619
0.000693	-4.774337
0.000696	-4.793019
0.000700	-4.803003
0.000703	-4.801071
0.000706	-4.783356
0.000709	-4.754045
0.000713	-4.704765
0.000716	-4.652586
0.000719	-4.584947
0.000723	-4.508289
0.000726	-4.415526
0.000729	-4.311490
0.000733	-4.197470
0.000736	-4.071210
0.000739	-3.931744
0.000742	-3.781971
0.000746	-3.622536
0.000749	-3.455048
0.000752	-3.280475
0.000756	-3.093340
0.000759	-2.903628
0.000762	-2.697168
0.000766	-2.490707
0.000769	-2.277805
0.000772	-2.055240
0.000775	-1.828165
0.000779	-1.595616
0.000782	-1.363388
0.000785	-1.120853
0.000789	-0.879284
0.000792	-0.636427
0.000795	-0.386483
0.000799	-0.140405
0.000802	0.104064
0.000805	0.353042
0.000808	0.595256
0.000812	0.842624
0.000815	1.082584
0.000818	1.323188
0.000822	1.556063
0.000825	1.789904
0.000828	2.017304
0.000832	2.239551
0.000835	2.453101
0.000838	2.659566
0.000841	2.861843
0.000845	3.056069
0.000848	3.239987
0.000851	3.416176
0.000855	3.581735
0.000858	3.738276
0.000861	3.888053
0.000865	4.024302
0.000868	4.152177
0.000871	4.267167
0.000874	4.369918
0.000878	4.459785
0.000881	4.538056
0.000884	4.603121
0.000888	4.659811
0.000891	4.700718
0.000894	4.730996
0.000898	4.749678
0.000901	4.750967
0.000904	4.740015
0.000907	4.723266
0.000911	4.683647
0.000914	4.639841
0.000917	4.575098
0.000921	4.505201
0.000924	4.420166
0.000927	4.325790
0.000931	4.215953
0.000934	4.094520
0.000937	3.964713
0.000940	3.824599
0.000944	3.674178
0.000947	3.511195
0.000950	3.340482
0.000954	3.161395
0.000957	2.973611
0.000960	2.774555
0.000964	2.569700
0.000967	2.360337
0.000970	2.144532
0.000973	1.922286
0.000977	1.689733
0.000980	1.458790
0.000983	1.218186
0.000987	0.977259
0.000990	0.735689
0.000993	0.494118
0.000997	0.247395
0.001000	-0.005448
0.001003	-0.248950
0.001006	-0.493096
0.001010	-0.743361
0.001013	-0.984608
0.001016	-1.226177
0.001020	-1.464202
0.001023	-1.700617
0.001026	-1.925115
0.001030	-2.153800
0.001033	-2.375076
0.001036	-2.580248
0.001039	-2.792184
0.001043	-2.988016
0.001046	-3.176117
0.001049	-3.358743
0.001053	-3.530418
0.001056	-3.698550
0.001059	-3.848000
0.001063	-3.992619
0.001066	-4.126932
0.001069	-4.243529
0.001072	-4.356261
0.001076	-4.454499
0.001079	-4.541786
0.001082	-4.613613
0.001086	-4.679642
0.001089	-4.728600
0.001092	-4.765963
0.001096	-4.793985
0.001099	-4.802359
0.001102	-4.800105
0.001105	-4.783356
0.001109	-4.756300
0.001112	-4.719259
0.001115	-4.667402
0.001119	-4.599763
0.001122	-4.520528
0.001125	-4.435496
0.001129	-4.332104
0.001132	-4.219050
0.001135	-4.094722
0.001138	-3.960410
0.001142	-3.815469
0.001145	-3.658610
0.001148	-3.495310
0.001152	-3.317193
0.001155	-3.134890
0.001158	-2.946466
0.001162	-2.743227
0.001165	-2.534511
0.001168	-2.322253
0.001171	-2.106452
0.001175	-1.875191
0.001178	-1.646506
0.001181	-1.409769
0.001185	-1.171421
0.001188	-0.928886
0.001191	-0.684740
0.001195	-0.438340
0.001198	-0.191617
0.001201	0.052851
0.001204	0.300218
0.001208	0.544043
0.001211	0.792055
0.001214	1.035236
0.001218	1.276807
0.001221	1.510648
0.001224	1.741268
0.001228	1.969634
0.001231	2.194457
0.001234	2.408007
0.001237	2.621880
0.001241	2.822547
0.001244	3.015162
0.001247	3.202624
0.001251	3.381067
0.001254	3.549525
0.001257	3.705422
0.001261	3.858742
0.001264	3.997890
0.001267	4.120933
0.001270	4.240111
0.001274	4.342217
0.001277	4.439814
0.001280	4.519052
0.001284	4.594424
0.001287	4.649182
0.001290	4.694276
0.001294	4.723266
0.001297	4.740659
0.001300	4.752255
0.001303	4.739693
0.001307	4.720689
0.001310	4.692022
0.001313	4.647249
0.001317	4.591525
