0.000000	-1.833319
0.000003	-1.683546
0.000007	-1.527010
0.000010	-1.367253
0.000013	-1.203952
0.000016	-1.036465
0.000020	-0.866722
0.000023	-0.693759
0.000026	-0.519829
0.000030	-0.343323
0.000033	-0.166494
0.000036	0.010657
0.000040	0.188452
0.000043	0.364959
0.000046	0.541144
0.000049	0.716041
0.000053	0.888039
0.000056	1.058749
0.000059	1.225594
0.000063	1.389218
0.000066	1.549621
0.000069	1.705515
0.000073	1.857545
0.000076	2.003454
0.000079	2.145176
0.000082	2.281423
0.000086	2.409940
0.000089	2.533948
0.000092	2.649581
0.000096	2.759094
0.000099	2.861199
0.000102	2.956218
0.000106	3.041896
0.000109	3.120166
0.000112	3.189740
0.000115	3.251905
0.000119	3.304729
0.000122	3.348857
0.000125	3.383644
0.000129	3.409734
0.000132	3.426805
0.000135	3.433891
0.000139	3.432925
0.000142	3.421329
0.000145	3.400715
0.000148	3.371726
0.000152	3.332108
0.000155	3.284437
0.000158	3.226781
0.000162	3.160751
0.000165	3.085380
0.000168	3.002922
0.000172	2.911768
0.000175	2.812240
0.000178	2.704981
0.000181	2.590637
0.000185	2.468884
0.000188	2.341333
0.000191	2.206053
0.000195	2.065941
0.000198	1.920353
0.000201	1.769612
0.000205	1.613718
0.000208	1.453637
0.000211	1.290013
0.000214	1.122846
0.000218	0.951492
0.000221	0.778527
0.000224	0.603308
0.000228	0.426157
0.000231	0.249006
0.000234	0.070244
0.000238	-0.108195
0.000241	-0.287601
0.000244	-0.463785
0.000247	-0.640936
0.000251	-0.815188
0.000254	-0.987507
0.000257	-1.157249
0.000261	-1.323448
0.000264	-1.487393
0.000267	-1.646828
0.000271	-1.801432
0.000274	-1.952815
0.000277	-2.098400
0.000280	-2.238188
0.000284	-2.371211
0.000287	-2.499726
0.000290	-2.620188
0.000294	-2.733886
0.000297	-2.841464
0.000300	-2.940669
0.000304	-3.032465
0.000307	-3.116530
0.000310	-3.191256
0.000313	-3.258573
0.000317	-3.317193
0.000320	-3.366473
0.000323	-3.407057
0.000327	-3.438622
0.000330	-3.461490
0.000333	-3.474052
0.000337	-3.479205
0.000340	-3.473086
0.000343	-3.458591
0.000346	-3.434435
0.000350	-3.400937
0.000353	-3.357777
0.000356	-3.305920
0.000360	-3.245045
0.000363	-3.175473
0.000366	-3.097205
0.000370	-3.010884
0.000373	-2.916190
0.000376	-2.813765
0.000379	-2.703287
0.000383	-2.586046
0.000386	-2.462363
0.000389	-2.331594
0.000393	-2.193739
0.000396	-2.051375
0.000399	-1.903213
0.000403	-1.749253
0.000406	-1.592395
0.000409	-1.430061
0.000412	-1.265150
0.000416	-1.095730
0.000419	-0.924377
0.000422	-0.751091
0.000426	-0.574907
0.000429	-0.397756
0.000432	-0.219639
0.000436	-0.041200
0.000439	0.137239
0.000442	0.315035
0.000445	0.492830
0.000449	0.667405
0.000452	0.841980
0.000455	1.013656
0.000459	1.181789
0.000462	1.347346
0.000465	1.509037
0.000469	1.666542
0.000472	1.820504
0.000475	1.968024
0.000478	2.110712
0.000482	2.248569
0.000485	2.379985
0.000488	2.503992
0.000492	2.622524
0.000495	2.733004
0.000498	2.836720
0.000502	2.933027
0.000505	3.021282
0.000508	3.101485
0.000511	3.173957
0.000515	3.237733
0.000518	3.292812
0.000521	3.338228
0.000525	3.375913
0.000528	3.403292
0.000531	3.422940
0.000535	3.431959
0.000538	3.432603
0.000541	3.423262
0.000544	3.404580
0.000548	3.376880
0.000551	3.340160
0.000554	3.293778
0.000558	3.238377
0.000561	3.173957
0.000564	3.101485
0.000568	3.020316
0.000571	2.930772
0.000574	2.832854
0.000577	2.728172
0.000581	2.614472
0.000584	2.494652
0.000587	2.368067
0.000591	2.235041
0.000594	2.095574
0.000597	1.951275
0.000601	1.800856
0.000604	1.646572
0.000607	1.487457
0.000610	1.323833
0.000614	1.157632
0.000617	0.987888
0.000620	0.814924
0.000624	0.640027
0.000627	0.464164
0.000630	0.286690
0.000634	0.107607
0.000637	-0.070511
0.000640	-0.248950
0.000643	-0.427067
0.000647	-0.603895
0.000650	-0.778791
0.000653	-0.951432
0.000657	-1.122785
0.000660	-1.289951
0.000663	-1.454217
0.000667	-1.613653
0.000670	-1.770511
0.000673	-1.921572
0.000676	-2.067801
0.000680	-2.209199
0.000683	-2.343511
0.000686	-2.473314
0.000690	-2.595709
0.000693	-2.711340
0.000696	-2.819562
0.000700	-2.920699
0.000703	-3.013783
0.000706	-3.099782
0.000709	-3.176761
0.000713	-3.245689
0.000716	-3.305920
0.000719	-3.357133
0.000723	-3.399971
0.000726	-3.432502
0.000729	-3.457625
0.000733	-3.472441
0.000736	-3.478561
0.000739	-3.475018
0.000742	-3.462134
0.000746	-3.440232
0.000749	-3.408345
0.000752	-3.367117
0.000756	-3.317193
0.000759	-3.258573
0.000762	-3.190611
0.000766	-3.114276
0.000769	-3.029888
0.000772	-2.936481
0.000775	-2.835667
0.000779	-2.727444
0.000782	-2.612135
0.000785	-2.488775
0.000789	-2.358650
0.000792	-2.222727
0.000795	-2.081007
0.000799	-1.934456
0.000802	-1.782428
0.000805	-1.625892
0.000808	-1.464846
0.000812	-1.300258
0.000815	-1.132770
0.000818	-0.961417
0.000822	-0.788132
0.000825	-0.612270
0.000828	-0.435441
0.000832	-0.257646
0.000835	-0.078563
0.000838	0.099554
0.000841	0.277994
0.000845	0.455789
0.000848	0.631652
0.000851	0.805583
0.000855	0.977581
0.000858	1.146681
0.000861	1.312559
0.000865	1.475539
0.000868	1.633366
0.000871	1.787650
0.000874	1.936458
0.000878	2.081401
0.000881	2.219903
0.000884	2.351963
0.000888	2.478225
0.000891	2.597723
0.000894	2.710135
0.000898	2.815783
0.000901	2.914023
0.000904	3.003567
0.000907	3.086024
0.000911	3.159140
0.000914	3.225171
0.000917	3.281216
0.000921	3.329531
0.000924	3.368183
0.000927	3.398460
0.000931	3.419075
0.000934	3.430348
0.000937	3.432603
0.000940	3.425517
0.000944	3.409412
0.000947	3.383966
0.000950	3.348535
0.000954	3.304729
0.000957	3.250939
0.000960	3.188451
0.000964	3.118234
0.000967	3.037709
0.000970	2.949776
0.000973	2.853791
0.000977	2.750719
0.000980	2.639273
0.000983	2.520742
0.000987	2.395768
0.000990	2.263064
0.000993	2.126495
0.000997	1.981552
0.001000	1.833387
0.001003	1.679748
0.001006	1.521277
0.001010	1.359263
0.001013	1.192740
0.001016	1.023963
0.001020	0.850998
0.001023	0.676745
0.001026	0.500560
0.001030	0.323087
0.001033	0.144647
0.001036	-0.032504
0.001039	-0.212231
0.001043	-0.389704
0.001046	-0.567177
0.001049	-0.741107
0.001053	-0.915036
0.001056	-1.086389
0.001059	-1.254843
0.001063	-1.419432
0.001066	-1.580477
0.001069	-1.738302
0.001072	-1.890329
0.001076	-2.038169
0.001079	-2.179889
0.001082	-2.316456
0.001086	-2.446259
0.001089	-2.570586
0.001092	-2.686539
0.001096	-2.797660
0.001099	-2.899763
0.001102	-2.995102
0.001105	-3.081422
0.001109	-3.160979
0.001112	-3.231517
0.001115	-3.293681
0.001119	-3.347148
0.001122	-3.391596
0.001125	-3.426704
0.001129	-3.453438
0.001132	-3.470187
0.001135	-3.478561
0.001138	-3.476629
0.001142	-3.465355
0.001145	-3.445386
0.001148	-3.415753
0.001152	-3.376780
0.001155	-3.328466
0.001158	-3.272100
0.001162	-3.205105
0.001165	-3.130702
0.001168	-3.047603
0.001171	-2.956451
0.001175	-2.858213
0.001178	-2.751279
0.001181	-2.636614
0.001185	-2.515186
0.001188	-2.387638
0.001191	-2.252360
0.001195	-2.112250
0.001198	-1.965376
0.001201	-1.814638
0.001204	-1.659068
0.001208	-1.499310
0.001211	-1.334721
0.001214	-1.166912
0.001218	-0.997170
0.001221	-0.823884
0.001224	-0.648988
0.001228	-0.472482
0.001231	-0.294365
0.001234	-0.116570
0.001237	0.061870
0.001241	0.240309
0.001244	0.417782
0.001247	0.594290
0.001251	0.768542
0.001254	0.941185
0.001257	1.110928
0.001261	1.278095
0.001264	1.441397
0.001267	1.601156
0.001270	1.755762
0.001274	1.906181
0.001277	2.051124
0.001280	2.191558
0.001284	2.324906
0.001287	2.452135
0.001290	2.572921
0.001294	2.687588
0.001297	2.794203
0.001300	2.894053
0.001303	2.985851
0.001307	3.069275
0.001310	3.144968
0.001313	3.212287
0.001317	3.270909
