1052.459036	0.973827 	0.	0.0000775156
1102.475394	1.017114 	0.	0.0000775156
1151.889542	1.060596 	0.	0.0000775156
1201.168521	1.103728 	0.	0.0000775156
1250.886772	1.145938 	0.	0.0000775156
1300.683871	1.187952 	0.	0.0000775156
1350.282299	1.229234 	0.	0.0000775156
1400.305892	1.270089 	0.	0.0000775156
1450.414993	1.310397 	0.	0.0000775156
1500.230242	1.350267 	0.	0.0000775156
1549.838674	1.389396 	0.	0.0000775156
1600.015786	1.428667 	0.	0.0000775156
1649.896512	1.467023 	0.	0.0000775156
1700.012855	1.504733 	0.	0.0000775156
1749.912923	1.542322 	0.	0.0000775156
1800.021693	1.579683 	0.	0.0000775156
1850.030367	1.615756 	0.	0.0000775156
1900.150421	1.652176 	0.	0.0000775156
1950.048970	1.687547 	0.	0.0000775156
2000.038116	1.722594 	0.	0.0000775156
2050.193874	1.757373 	0.	0.0000775156
2100.066760	1.791525 	0.	0.0000775156
2150.110992	1.825737 	0.	0.0000775156
2199.974684	1.858741 	0.	0.0000775156
2250.142795	1.891780 	0.	0.0000775156
2300.067083	1.924040 	0.	0.0000775156
2349.914722	1.955836 	0.	0.0000775156
2400.010664	1.987359 	0.	0.0000775156
2449.924341	2.018131 	0.	0.0000775156
2500.075339	2.048709 	0.	0.0000775156
2549.994409	2.078549 	0.	0.0000775156
2600.129172	2.108042 	0.	0.0000775156
2650.005069	2.137049 	0.	0.0000775156
2700.085996	2.165802 	0.	0.0000775156
2750.050966	2.193724 	0.	0.0000775156
2799.956787	2.221480 	0.	0.0000775156
2850.094232	2.248670 	0.	0.0000775156
2899.986341	2.275487 	0.	0.0000775156
2950.078273	2.301864 	0.	0.0000775156
3000.008414	2.327727 	0.	0.0000775156
3050.117501	2.353351 	0.	0.0000775156
3100.007239	2.378340 	0.	0.0000775156
3149.930585	2.402790 	0.	0.0000775156
3200.033270	2.427278 	0.	0.0000775156
3249.944158	2.451295 	0.	0.0000775156
3300.062600	2.474668 	0.	0.0000775156
3349.975666	2.497783 	0.	0.0000775156
3400.074834	2.520322 	0.	0.0000775156
3450.012932	2.542822 	0.	0.0000775156
3499.907708	2.564578 	0.	0.0000775156
3550.025025	2.586494 	0.	0.0000775156
3599.967016	2.607334 	0.	0.0000775156
3650.058401	2.628519 	0.	0.0000775156
3699.982234	2.648880 	0.	0.0000775156
3750.078149	2.668862 	0.	0.0000775156
3799.989980	2.688541 	0.	0.0000775156
3850.096560	2.708114 	0.	0.0000775156
3900.021391	2.727152 	0.	0.0000775156
3949.924836	2.745572 	0.	0.0000775156
4000.034229	2.764130 	0.	0.0000775156
4049.939116	2.782291 	0.	0.0000775156
4100.045929	2.800155 	0.	0.0000775156
4150.001284	2.817702 	0.	0.0000775156
4200.100701	2.834828 	0.	0.0000775156
4250.030454	2.851611 	0.	0.0000775156
4299.944290	2.868292 	0.	0.0000775156
4350.039249	2.884608 	0.	0.0000775156
4399.963240	2.900282 	0.	0.0000775156
4450.037844	2.916219 	0.	0.0000775156
4499.947500	2.931467 	0.	0.0000775156
4550.076556	2.946769 	0.	0.0000775156
4599.996197	2.961618 	0.	0.0000775156
4649.921917	2.976273 	0.	0.0000775156
4699.989109	2.990965 	0.	0.0000775156
4749.938458	3.005168 	0.	0.0000775156
4800.057943	3.019138 	0.	0.0000775156
4849.948453	3.032862 	0.	0.0000775156
4900.064368	3.046441 	0.	0.0000775156
4950.004438	3.059430 	0.	0.0000775156
5000.100735	3.072789 	0.	0.0000775156
5050.034670	3.085678 	0.	0.0000775156
5099.946489	3.098062 	0.	0.0000775156
5150.012012	3.110621 	0.	0.0000775156
5199.934578	3.122619 	0.	0.0000775156
5250.070241	3.134786 	0.	0.0000775156
5299.975253	3.146690 	0.	0.0000775156
5350.069171	3.158142 	0.	0.0000775156
5399.998393	3.169478 	0.	0.0000775156
5449.936475	3.180646 	0.	0.0000775156
5500.015209	3.191798 	0.	0.0000775156
5549.934133	3.202684 	0.	0.0000775156
5600.052203	3.213603 	0.	0.0000775156
5649.962064	3.224048 	0.	0.0000775156
5700.070740	3.234387 	0.	0.0000775156
5749.994743	3.244521 	0.	0.0000775156
5800.101920	3.254514 	0.	0.0000775156
5850.028583	3.264247 	0.	0.0000775156
5899.926929	3.273922 	0.	0.0000775156
5950.030388	3.283528 	0.	0.0000775156
5999.951970	3.292922 	0.	0.0000775156
6050.031641	3.301997 	0.	0.0000775156
6099.988494	3.311047 	0.	0.0000775156
6150.083231	3.319914 	0.	0.0000775156
6199.971567	3.328470 	0.	0.0000775156
6249.959003	3.337280 	0.	0.0000775156
6300.058079	3.345783 	0.	0.0000775156
6349.970640	3.354201 	0.	0.0000775156
6400.073447	3.362403 	0.	0.0000775156
6449.984042	3.370457 	0.	0.0000775156
6500.096669	3.378238 	0.	0.0000775156
6549.985774	3.386009 	0.	0.0000775156
6599.926490	3.393934 	0.	0.0000775156
6650.025488	3.401554 	0.	0.0000775156
6699.932118	3.408929 	0.	0.0000775156
6750.036536	3.416118 	0.	0.0000775156
6799.973144	3.423595 	0.	0.0000775156
6850.074775	3.430891 	0.	0.0000775156
6899.983835	3.437878 	0.	0.0000775156
6930.977039	3.441797 	0.	0.0000775156
6950.085177	3.444697 	0.	0.0000775156
7000.007681	3.451588 	0.	0.0000775156
7049.888860	3.458283 	0.	0.0000775156
7100.044752	3.464908 	0.	0.0000775156
7149.969990	3.471234 	0.	0.0000775156
7200.052497	3.477765 	0.	0.0000775156
7249.970580	3.484384 	0.	0.0000775156
7300.093039	3.490445 	0.	0.0000775156
7350.000459	3.496520 	0.	0.0000775156
7399.923817	3.502629 	0.	0.0000775156
7450.032448	3.508726 	0.	0.0000775156
7499.952396	3.514356 	0.	0.0000775156
7550.058896	3.520043 	0.	0.0000775156
7600.011478	3.525773 	0.	0.0000775156
7650.083108	3.531535 	0.	0.0000775156
7700.023016	3.537037 	0.	0.0000775156
7749.918566	3.542487 	0.	0.0000775156
7800.026947	3.547967 	0.	0.0000775156
7849.928695	3.553051 	0.	0.0000775156
7900.032315	3.558429 	0.	0.0000775156
7949.962744	3.563486 	0.	0.0000775156
8000.041403	3.568561 	0.	0.0000775156
8049.986650	3.573514 	0.	0.0000775156
8100.098504	3.578574 	0.	0.0000775156
8149.987534	3.583389 	0.	0.0000775156
8199.924976	3.588185 	0.	0.0000775156
8250.022373	3.592844 	0.	0.0000775156
8299.966359	3.597660 	0.	0.0000775156
8350.062617	3.602206 	0.	0.0000775156
8400.027148	3.606747 	0.	0.0000775156
8450.058570	3.611096 	0.	0.0000775156
8500.001118	3.615579 	0.	0.0000775156
8549.918905	3.619860 	0.	0.0000775156
8600.032544	3.624144 	0.	0.0000775156
8649.917131	3.628504 	0.	0.0000775156
8700.059624	3.632436 	0.	0.0000775156
8749.980989	3.636782 	0.	0.0000775156
8800.085934	3.640876 	0.	0.0000775156
8849.992021	3.644871 	0.	0.0000775156
8900.114935	3.648586 	0.	0.0000775156
8950.010875	3.652694 	0.	0.0000775156
8999.918298	3.656466 	0.	0.0000775156
9050.021663	3.660349 	0.	0.0000775156
9099.966770	3.663968 	0.	0.0000775156
9150.052154	3.667785 	0.	0.0000775156
9199.997526	3.671468 	0.	0.0000775156
9250.079738	3.675079 	0.	0.0000775156
9300.007658	3.678532 	0.	0.0000775156
9349.918268	3.682190 	0.	0.0000775156
9400.039354	3.685666 	0.	0.0000775156
9449.956138	3.689054 	0.	0.0000775156
9500.057389	3.692471 	0.	0.0000775156
9549.970866	3.695640 	0.	0.0000775156
9600.080203	3.699069 	0.	0.0000775156
9649.997573	3.702324 	0.	0.0000775156
9699.924904	3.705722 	0.	0.0000775156
9750.035003	3.708832 	0.	0.0000775156
9799.945439	3.711779 	0.	0.0000775156
9850.056564	3.714911 	0.	0.0000775156
9899.969209	3.718109 	0.	0.0000775156
9950.055692	3.720951 	0.	0.0000775156
9999.995966	3.724158 	0.	0.0000775156
10050.086117	3.726994 	0.	0.0000775156
10100.017884	3.730048 	0.	0.0000775156
10149.930599	3.732790 	0.	0.0000775156
10200.035349	3.735584 	0.	0.0000775156
10249.965417	3.738467 	0.	0.0000775156
10300.049436	3.741087 	0.	0.0000775156
10349.977222	3.744059 	0.	0.0000775156
10400.067390	3.746836 	0.	0.0000775156
10450.007808	3.749572 	0.	0.0000775156
10499.918949	3.752052 	0.	0.0000775156
10550.039034	3.754528 	0.	0.0000775156
10599.944564	3.757073 	0.	0.0000775156
10650.073153	3.759822 	0.	0.0000775156
10699.977657	3.762225 	0.	0.0000775156
10750.078161	3.764828 	0.	0.0000775156
10800.005311	3.767339 	0.	0.0000775156
10849.903425	3.769823 	0.	0.0000775156
10900.025450	3.772127 	0.	0.0000775156
10949.927686	3.774398 	0.	0.0000775156
11000.054699	3.776853 	0.	0.0000775156
11049.928512	3.779286 	0.	0.0000775156
11100.046259	3.781435 	0.	0.0000775156
11149.978983	3.783878 	0.	0.0000775156
11200.100632	3.786033 	0.	0.0000775156
11250.021536	3.788150 	0.	0.0000775156
11299.934107	3.790457 	0.	0.0000775156
11350.030752	3.792839 	0.	0.0000775156
11399.959920	3.794921 	0.	0.0000775156
11450.077377	3.796917 	0.	0.0000775156
11499.968543	3.799186 	0.	0.0000775156
11550.067735	3.801017 	0.	0.0000775156
11599.996536	3.803119 	0.	0.0000775156
11649.912865	3.805181 	0.	0.0000775156
11700.012729	3.807278 	0.	0.0000775156
11749.948166	3.809378 	0.	0.0000775156
11800.060635	3.811310 	0.	0.0000775156
11849.972366	3.813430 	0.	0.0000775156
11900.095631	3.815410 	0.	0.0000775156
11949.979061	3.817224 	0.	0.0000775156
12000.089028	3.819037 	0.	0.0000775156
12050.008912	3.821083 	0.	0.0000775156
12099.923052	3.822898 	0.	0.0000775156
12150.053702	3.824738 	0.	0.0000775156
12199.945449	3.826311 	0.	0.0000775156
12250.063263	3.828184 	0.	0.0000775156
12299.993086	3.829966 	0.	0.0000775156
12350.066704	3.831652 	0.	0.0000775156
12400.019956	3.833555 	0.	0.0000775156
12449.923765	3.835061 	0.	0.0000775156
12500.020150	3.836986 	0.	0.0000775156
12549.955431	3.838757 	0.	0.0000775156
12600.087420	3.840521 	0.	0.0000775156
12649.980791	3.842036 	0.	0.0000775156
12700.090674	3.843464 	0.	0.0000775156
12750.013462	3.845130 	0.	0.0000775156
12799.938690	3.846723 	0.	0.0000775156
12850.019723	3.848426 	0.	0.0000775156
12899.926749	3.849865 	0.	0.0000775156
12950.055494	3.851605 	0.	0.0000775156
12999.975227	3.852975 	0.	0.0000775156
13050.083350	3.854426 	0.	0.0000775156
13099.992691	3.856115 	0.	0.0000775156
13150.111061	3.857541 	0.	0.0000775156
13200.032373	3.858880 	0.	0.0000775156
13249.933355	3.860420 	0.	0.0000775156
13300.036529	3.861773 	0.	0.0000775156
13349.974536	3.863248 	0.	0.0000775156
13400.067308	3.864737 	0.	0.0000775156
13449.968250	3.866081 	0.	0.0000775156
13500.101962	3.867504 	0.	0.0000775156
13550.009246	3.868876 	0.	0.0000775156
13599.936642	3.870244 	0.	0.0000775156
13650.044183	3.871838 	0.	0.0000775156
13699.956682	3.873058 	0.	0.0000775156
13750.079888	3.874235 	0.	0.0000775156
13799.991379	3.875591 	0.	0.0000775156
13850.087632	3.876869 	0.	0.0000775156
13900.006422	3.878224 	0.	0.0000775156
13949.922689	3.879317 	0.	0.0000775156
14000.003442	3.880633 	0.	0.0000775156
14049.935800	3.882034 	0.	0.0000775156
14100.042008	3.883147 	0.	0.0000775156
14149.976738	3.884404 	0.	0.0000775156
14200.078814	3.885668 	0.	0.0000775156
14250.005897	3.886690 	0.	0.0000775156
14300.105816	3.887917 	0.	0.0000775156
14350.036949	3.889098 	0.	0.0000775156
14399.906140	3.890308 	0.	0.0000775156
14450.019967	3.891478 	0.	0.0000775156
14499.967505	3.892831 	0.	0.0000775156
14550.073345	3.893845 	0.	0.0000775156
14599.989600	3.894954 	0.	0.0000775156
14650.090442	3.896042 	0.	0.0000775156
14700.006820	3.897084 	0.	0.0000775156
14749.930479	3.898259 	0.	0.0000775156
14800.044430	3.899401 	0.	0.0000775156
14849.949857	3.900569 	0.	0.0000775156
14900.053342	3.901422 	0.	0.0000775156
14949.974163	3.902347 	0.	0.0000775156