1049.747081	4.066976	0.	0.000102013
1100.543822	4.045761	0.	0.000102013
1150.805507	4.025847	0.	0.000102013
1200.731898	4.007442	0.	0.000102013
1250.585851	3.989891	0.	0.000102013
1300.234853	3.972024	0.	0.000102013
1350.164613	3.953081	0.	0.000102013
1400.032255	3.933373	0.	0.000102013
1450.133776	3.913111	0.	0.000102013
1500.006801	3.892812	0.	0.000102013
1549.872264	3.872106	0.	0.000102013
1599.931807	3.851074	0.	0.000102013
1649.850460	3.829986	0.	0.000102013
1699.972386	3.808499	0.	0.000102013
1749.925263	3.786925	0.	0.000102013
1800.043078	3.765147	0.	0.000102013
1849.976341	3.743375	0.	0.000102013
1900.092550	3.721428	0.	0.000102013
1950.019192	3.699298	0.	0.000102013
1999.954821	3.677070	0.	0.000102013
2050.073288	3.654841	0.	0.000102013
2099.978699	3.632485	0.	0.000102013
2150.067192	3.610057	0.	0.000102013
2199.985330	3.587763	0.	0.000102013
2250.092204	3.565286	0.	0.000102013
2299.982287	3.542737	0.	0.000102013
2349.882384	3.520162	0.	0.000102013
2399.986902	3.497801	0.	0.000102013
2449.908730	3.475354	0.	0.000102013
2500.013088	3.452924	0.	0.000102013
2549.955465	3.430742	0.	0.000102013
2600.067279	3.408416	0.	0.000102013
2649.996383	3.386221	0.	0.000102013
2700.092499	3.364071	0.	0.000102013
2750.017565	3.342041	0.	0.000102013
2799.936844	3.320115	0.	0.000102013
2850.049978	3.298187	0.	0.000102013
2899.959203	3.276555	0.	0.000102013
2950.071738	3.254670	0.	0.000102013
3000.004609	3.233061	0.	0.000102013
3050.070318	3.211610	0.	0.000102013
3099.996442	3.190329	0.	0.000102013
3149.914246	3.169046	0.	0.000102013
3200.012262	3.148059	0.	0.000102013
3249.932615	3.127063	0.	0.000102013
3300.047937	3.106217	0.	0.000102013
3349.966242	3.085481	0.	0.000102013
3400.074785	3.064892	0.	0.000102013
3449.993134	3.044542	0.	0.000102013
3499.924661	3.024351	0.	0.000102013
3550.019310	3.004142	0.	0.000102013
3599.943525	2.984216	0.	0.000102013
3650.052079	2.964274	0.	0.000102013
3699.975115	2.944735	0.	0.000102013
3750.080354	2.925236	0.	0.000102013
3799.988035	2.905913	0.	0.000102013
3850.096798	2.886618	0.	0.000102013
3900.001181	2.867658	0.	0.000102013
3949.921497	2.848833	0.	0.000102013
4000.029886	2.830071	0.	0.000102013
4049.943483	2.811504	0.	0.000102013
4100.050692	2.793117	0.	0.000102013
4149.968228	2.774918	0.	0.000102013
4200.081271	2.756737	0.	0.000102013
4250.004536	2.738861	0.	0.000102013
4299.925685	2.721171	0.	0.000102013
4350.023810	2.703537	0.	0.000102013
4399.945978	2.686084	0.	0.000102013
4450.059446	2.668875	0.	0.000102013
4499.967072	2.651784	0.	0.000102013
4550.071979	2.634793	0.	0.000102013
4599.991077	2.617940	0.	0.000102013
4649.905872	2.601449	0.	0.000102013
4700.010699	2.584843	0.	0.000102013
4749.928399	2.568564	0.	0.000102013
4800.040800	2.552311	0.	0.000102013
4849.950082	2.536354	0.	0.000102013
4900.066750	2.520394	0.	0.000102013
4949.983181	2.504816	0.	0.000102013
5000.091117	2.489173	0.	0.000102013
5050.007869	2.473784	0.	0.000102013
5099.928251	2.458538	0.	0.000102013
5150.028749	2.443425	0.	0.000102013
5199.947596	2.428520	0.	0.000102013
5250.051336	2.413616	0.	0.000102013
5299.972684	2.399010	0.	0.000102013
5350.074314	2.384399	0.	0.000102013
5399.982310	2.369895	0.	0.000102013
5449.909690	2.355641	0.	0.000102013
5500.028795	2.341549	0.	0.000102013
5549.932682	2.327468	0.	0.000102013
5600.041057	2.313564	0.	0.000102013
5649.960181	2.299887	0.	0.000102013
5700.068804	2.286225	0.	0.000102013
5749.982356	2.272803	0.	0.000102013
5800.094149	2.259444	0.	0.000102013
5850.019826	2.246201	0.	0.000102013
5899.935481	2.233102	0.	0.000102013
5950.040450	2.220210	0.	0.000102013
5999.944952	2.207441	0.	0.000102013
6050.056173	2.194684	0.	0.000102013
6099.978350	2.182118	0.	0.000102013
6150.084146	2.169599	0.	0.000102013
6200.013869	2.157334	0.	0.000102013
6249.920475	2.145139	0.	0.000102013
6300.025059	2.133081	0.	0.000102013
6349.942317	2.121069	0.	0.000102013
6400.043469	2.109202	0.	0.000102013
6449.966586	2.097410	0.	0.000102013
6500.074444	2.085705	0.	0.000102013
6549.988943	2.074156	0.	0.000102013
6599.910369	2.062722	0.	0.000102013
6650.013807	2.051417	0.	0.000102013
6699.932035	2.040172	0.	0.000102013
6750.048563	2.029111	0.	0.000102013
6799.963650	2.018200	0.	0.000102013
6850.062196	2.007188	0.	0.000102013
6899.975889	1.996377	0.	0.000102013
6950.083843	1.985775	0.	0.000102013
7000.008098	1.975156	0.	0.000102013
7049.929936	1.964809	0.	0.000102013
7100.034092	1.954293	0.	0.000102013
7149.954172	1.944053	0.	0.000102013
7200.050258	1.933806	0.	0.000102013
7249.968088	1.923698	0.	0.000102013
7300.086599	1.913648	0.	0.000102013
7350.003190	1.903703	0.	0.000102013
7399.913369	1.893875	0.	0.000102013
7450.025791	1.884100	0.	0.000102013
7499.951581	1.874485	0.	0.000102013
7550.049979	1.864919	0.	0.000102013
7599.968806	1.855412	0.	0.000102013
7650.058925	1.846010	0.	0.000102013
7699.988099	1.836698	0.	0.000102013
7749.912378	1.827478	0.	0.000102013
7800.006270	1.818312	0.	0.000102013
7849.938608	1.809293	0.	0.000102013
7900.029991	1.800253	0.	0.000102013
7949.963465	1.791348	0.	0.000102013
8000.063852	1.782523	0.	0.000102013
8049.984801	1.773871	0.	0.000102013
8100.089257	1.765136	0.	0.000102013
8150.003373	1.756585	0.	0.000102013
8199.926534	1.748072	0.	0.000102013
8250.030685	1.739613	0.	0.000102013
8299.963433	1.731240	0.	0.000102013
8350.044596	1.722892	0.	0.000102013
8399.968982	1.714745	0.	0.000102013
8450.071474	1.706565	0.	0.000102013
8499.995912	1.698503	0.	0.000102013
8549.920860	1.690505	0.	0.000102013
8600.021216	1.682596	0.	0.000102013
8649.934340	1.674742	0.	0.000102013
8700.049828	1.666890	0.	0.000102013
8749.953454	1.659169	0.	0.000102013
8800.070990	1.651534	0.	0.000102013
8849.981657	1.643921	0.	0.000102013
8900.101063	1.636402	0.	0.000102013
8950.007587	1.628966	0.	0.000102013
8999.921982	1.621578	0.	0.000102013
9050.022975	1.614138	0.	0.000102013
9099.955194	1.606822	0.	0.000102013
9150.071446	1.599634	0.	0.000102013
9199.987589	1.592465	0.	0.000102013
9250.089700	1.585333	0.	0.000102013
9300.011377	1.578226	0.	0.000102013
9349.914871	1.571226	0.	0.000102013
9400.026788	1.564331	0.	0.000102013
9449.943120	1.557428	0.	0.000102013
9500.049176	1.550579	0.	0.000102013
9549.971765	1.543845	0.	0.000102013
9600.077539	1.537131	0.	0.000102013
9650.002687	1.530450	0.	0.000102013
9699.927864	1.523810	0.	0.000102013
9750.022016	1.517297	0.	0.000102013
9799.933490	1.510774	0.	0.000102013
9850.048028	1.504337	0.	0.000102013
9899.963071	1.497949	0.	0.000102013
9950.070889	1.491588	0.	0.000102013
9999.971597	1.485281	0.	0.000102013
10050.101797	1.479005	0.	0.000102013
10100.014355	1.472816	0.	0.000102013
10149.924169	1.466640	0.	0.000102013
10200.034756	1.460558	0.	0.000102013
10249.967011	1.454488	0.	0.000102013
10300.061215	1.448471	0.	0.000102013
10349.973244	1.442492	0.	0.000102013
10400.083899	1.436963	0.	0.000102013
10450.007425	1.417803	0.	0.000102013
10499.928883	1.409703	0.	0.000102013
10550.024656	1.403646	0.	0.000102013
10599.956366	1.397843	0.	0.000102013
10650.054041	1.392212	0.	0.000102013
10699.957885	1.386635	0.	0.000102013
10750.081579	1.381032	0.	0.000102013
10800.002511	1.375570	0.	0.000102013
10849.911276	1.370189	0.	0.000102013
10900.014145	1.364867	0.	0.000102013
10949.947929	1.359483	0.	0.000102013
11000.042821	1.354118	0.	0.000102013
11049.966327	1.348872	0.	0.000102013
11100.061391	1.343609	0.	0.000102013
11149.981917	1.338329	0.	0.000102013
11200.090148	1.333199	0.	0.000102013
11249.997222	1.328069	0.	0.000102013
11299.918647	1.322934	0.	0.000102013
11350.028335	1.317891	0.	0.000102013
11399.957466	1.312827	0.	0.000102013
11450.053130	1.307753	0.	0.000102013
11499.981844	1.302806	0.	0.000102013
11550.067390	1.297903	0.	0.000102013
11599.996451	1.292994	0.	0.000102013
11649.915351	1.288131	0.	0.000102013
11700.018835	1.283237	0.	0.000102013
11749.942192	1.278505	0.	0.000102013
11800.052797	1.273709	0.	0.000102013
11849.972795	1.268979	0.	0.000102013
11900.065678	1.264295	0.	0.000102013
11949.993470	1.259654	0.	0.000102013
12000.105267	1.255040	0.	0.000102013
12050.012098	1.250492	0.	0.000102013
12099.935925	1.245915	0.	0.000102013
12150.033208	1.241336	0.	0.000102013
12199.964382	1.236814	0.	0.000102013
12250.075358	1.232336	0.	0.000102013
12299.990370	1.227891	0.	0.000102013
12350.088941	1.223450	0.	0.000102013
12400.017994	1.219085	0.	0.000102013
12449.935057	1.214776	0.	0.000102013
12500.021524	1.210415	0.	0.000102013
12549.943758	1.206153	0.	0.000102013
12600.046005	1.201869	0.	0.000102013
12649.972629	1.197622	0.	0.000102013
12700.072820	1.193438	0.	0.000102013
12749.992550	1.189286	0.	0.000102013
12799.918224	1.185087	0.	0.000102013
12850.031055	1.180994	0.	0.000102013
12899.949870	1.176883	0.	0.000102013
12950.051543	1.172869	0.	0.000102013
12999.958728	1.168829	0.	0.000102013
13050.068406	1.164743	0.	0.000102013
13099.980962	1.160761	0.	0.000102013
13150.098010	1.156855	0.	0.000102013
13200.015451	1.152957	0.	0.000102013
13249.934875	1.149022	0.	0.000102013
13300.046377	1.145076	0.	0.000102013
13349.964082	1.141215	0.	0.000102013
13400.073933	1.137334	0.	0.000102013
13449.994316	1.133631	0.	0.000102013
13500.087276	1.129765	0.	0.000102013
13549.994247	1.125996	0.	0.000102013
13599.939253	1.122212	0.	0.000102013
13650.028170	1.118532	0.	0.000102013
13699.955178	1.114844	0.	0.000102013
13750.061147	1.111201	0.	0.000102013
13799.981653	1.107502	0.	0.000102013
13850.073180	1.103874	0.	0.000102013
13899.997672	1.100268	0.	0.000102013
13949.912807	1.096727	0.	0.000102013
14000.015215	1.093149	0.	0.000102013
14049.932646	1.089601	0.	0.000102013
14100.046921	1.086089	0.	0.000102013
14149.965793	1.082628	0.	0.000102013
14200.074921	1.079157	0.	0.000102013
14249.997636	1.075705	0.	0.000102013
14300.070459	1.072284	0.	0.000102013
14350.015231	1.068888	0.	0.000102013
14399.933189	1.065496	0.	0.000102013
14450.046841	1.062078	0.	0.000102013
14499.966869	1.058788	0.	0.000102013
14550.068294	1.055428	0.	0.000102013
14599.983870	1.052127	0.	0.000102013
14650.085027	1.048825	0.	0.000102013
14699.989453	1.045550	0.	0.000102013
14749.917812	1.042346	0.	0.000102013
14800.011726	1.039105	0.	0.000102013
14849.940713	1.035863	0.	0.000102013
14900.058217	1.032720	0.	0.000102013
14949.966867	1.029511	0.	0.000102013
15000.082348	1.026365	0.	0.000102013