3758.113833	2.913840 	0.	0.0000775156
3759.985851	2.913212 	0.	0.0000775156
3762.014318	2.912343 	0.	0.0000775156
3764.085317	2.911570 	0.	0.0000775156
3766.130010	2.910703 	0.	0.0000775156
3767.935694	2.910056 	0.	0.0000775156
3770.035652	2.909125 	0.	0.0000775156
3772.092579	2.908374 	0.	0.0000775156
3774.170956	2.907577 	0.	0.0000775156
3775.988527	2.906886 	0.	0.0000775156
3778.073381	2.906162 	0.	0.0000775156
3780.063375	2.905469 	0.	0.0000775156
3781.903824	2.904608 	0.	0.0000775156
3783.990768	2.903822 	0.	0.0000775156
3786.043717	2.902965 	0.	0.0000775156
3788.100720	2.902245 	0.	0.0000775156
3789.973436	2.901457 	0.	0.0000775156
3792.001801	2.900643 	0.	0.0000775156
3794.049864	2.900004 	0.	0.0000775156
3796.140165	2.899223 	0.	0.0000775156
3797.964119	2.898472 	0.	0.0000775156
3800.040366	2.897594 	0.	0.0000775156
3802.038270	2.896866 	0.	0.0000775156
3804.100449	2.896263 	0.	0.0000775156
3805.950956	2.895260 	0.	0.0000775156
3808.015049	2.894516 	0.	0.0000775156
3810.068866	2.893734 	0.	0.0000775156
3812.124569	2.893183 	0.	0.0000775156
3814.022743	2.892284 	0.	0.0000775156
3816.030313	2.891374 	0.	0.0000775156
3818.128373	2.890667 	0.	0.0000775156
3819.944985	2.890059 	0.	0.0000775156
3821.990249	2.889112 	0.	0.0000775156
3824.021651	2.888488 	0.	0.0000775156
3826.123116	2.887536 	0.	0.0000775156
3827.941229	2.887075 	0.	0.0000775156
3830.006653	2.886301 	0.	0.0000775156
3832.088917	2.885416 	0.	0.0000775156
3834.067902	2.884772 	0.	0.0000775156
3836.001414	2.883954 	0.	0.0000775156
3838.064324	2.883163 	0.	0.0000775156
3840.007616	2.882563 	0.	0.0000775156
3842.082495	2.881725 	0.	0.0000775156
3843.960105	2.880972 	0.	0.0000775156
3846.031444	2.880081 	0.	0.0000775156
3848.089488	2.879514 	0.	0.0000775156
3850.133651	2.878582 	0.	0.0000775156
3851.983163	2.877918 	0.	0.0000775156
3854.032307	2.877125 	0.	0.0000775156
3856.080143	2.876276 	0.	0.0000775156
3857.959556	2.875778 	0.	0.0000775156
3859.960518	2.875028 	0.	0.0000775156
3862.000658	2.873921 	0.	0.0000775156
3864.083781	2.873471 	0.	0.0000775156
3865.965613	2.872620 	0.	0.0000775156
3867.976984	2.872014 	0.	0.0000775156
3870.053342	2.871210 	0.	0.0000775156
3872.073266	2.870311 	0.	0.0000775156
3873.936342	2.869629 	0.	0.0000775156
3876.036264	2.868979 	0.	0.0000775156
3878.058930	2.867997 	0.	0.0000775156
3880.118917	2.867433 	0.	0.0000775156
3881.942112	2.866688 	0.	0.0000775156
3883.971636	2.865905 	0.	0.0000775156
3886.067069	2.865132 	0.	0.0000775156
3888.106459	2.864526 	0.	0.0000775156
3889.954203	2.863711 	0.	0.0000775156
3892.041397	2.862839 	0.	0.0000775156
3894.041361	2.862266 	0.	0.0000775156
3895.909885	2.861415 	0.	0.0000775156
3897.976261	2.860746 	0.	0.0000775156
3900.041863	2.860091 	0.	0.0000775156
3902.095584	2.859074 	0.	0.0000775156
3904.004418	2.858475 	0.	0.0000775156
3905.980243	2.857753 	0.	0.0000775156
3908.066854	2.856929 	0.	0.0000775156
3910.100018	2.856204 	0.	0.0000775156
3911.973597	2.855401 	0.	0.0000775156
3914.071365	2.854759 	0.	0.0000775156
3916.048688	2.853948 	0.	0.0000775156
3918.063434	2.853392 	0.	0.0000775156
3919.962713	2.852520 	0.	0.0000775156
3922.038912	2.851970 	0.	0.0000775156
3924.064655	2.851003 	0.	0.0000775156
3926.099073	2.850289 	0.	0.0000775156
3927.961356	2.849486 	0.	0.0000775156
3930.022480	2.848847 	0.	0.0000775156
3932.087960	2.847849 	0.	0.0000775156
3934.071732	2.847399 	0.	0.0000775156
3935.967659	2.846578 	0.	0.0000775156
3937.986473	2.845780 	0.	0.0000775156
3940.051213	2.844907 	0.	0.0000775156
3941.907034	2.844388 	0.	0.0000775156
3943.950815	2.843645 	0.	0.0000775156
3946.043573	2.842937 	0.	0.0000775156
3948.123687	2.842036 	0.	0.0000775156
3949.930443	2.841444 	0.	0.0000775156
3952.025520	2.840521 	0.	0.0000775156
3954.059665	2.839847 	0.	0.0000775156
3956.090676	2.839207 	0.	0.0000775156
3957.949645	2.838350 	0.	0.0000775156
3960.055281	2.837649 	0.	0.0000775156
3962.086937	2.837003 	0.	0.0000775156
3964.100298	2.836330 	0.	0.0000775156
3965.990272	2.835552 	0.	0.0000775156
3967.995391	2.834875 	0.	0.0000775156
3970.026332	2.834058 	0.	0.0000775156
3972.075164	2.833482 	0.	0.0000775156
3974.000705	2.832440 	0.	0.0000775156
3976.020280	2.831802 	0.	0.0000775156
3978.063816	2.831103 	0.	0.0000775156
3979.947323	2.830360 	0.	0.0000775156
3982.009534	2.829652 	0.	0.0000775156
3984.040703	2.828652 	0.	0.0000775156
3986.088374	2.828083 	0.	0.0000775156
3987.940888	2.827448 	0.	0.0000775156
3989.966139	2.826509 	0.	0.0000775156
3992.082282	2.825760 	0.	0.0000775156
3994.141132	2.825060 	0.	0.0000775156
3995.972579	2.824520 	0.	0.0000775156
3998.041024	2.823623 	0.	0.0000775156
4000.022064	2.822951 	0.	0.0000775156
4002.112621	2.822145 	0.	0.0000775156
4004.018504	2.821176 	0.	0.0000775156
4006.065927	2.820566 	0.	0.0000775156
4008.035845	2.820118 	0.	0.0000775156
4010.119657	2.819211 	0.	0.0000775156
4011.973497	2.818561 	0.	0.0000775156
4014.040986	2.817851 	0.	0.0000775156
4016.127151	2.817052 	0.	0.0000775156
4017.955297	2.816406 	0.	0.0000775156
4019.999539	2.815646 	0.	0.0000775156
4022.058565	2.814770 	0.	0.0000775156
4024.081025	2.814191 	0.	0.0000775156
4025.911755	2.813619 	0.	0.0000775156
4028.003487	2.812865 	0.	0.0000775156
4030.077493	2.812012 	0.	0.0000775156
4032.130243	2.811209 	0.	0.0000775156
4033.933610	2.810535 	0.	0.0000775156
4036.023262	2.809755 	0.	0.0000775156
4038.072885	2.808991 	0.	0.0000775156
4040.123695	2.808396 	0.	0.0000775156
4041.985574	2.807672 	0.	0.0000775156
4044.024793	2.806839 	0.	0.0000775156
4046.098201	2.806182 	0.	0.0000775156
4048.112176	2.805456 	0.	0.0000775156
4049.992626	2.804734 	0.	0.0000775156
4052.093926	2.803967 	0.	0.0000775156
4054.082117	2.803159 	0.	0.0000775156
4055.916389	2.802323 	0.	0.0000775156
4057.970186	2.801828 	0.	0.0000775156
4060.040368	2.801210 	0.	0.0000775156
4062.075825	2.800352 	0.	0.0000775156
4063.917939	2.799655 	0.	0.0000775156
4065.952698	2.798803 	0.	0.0000775156
4068.081045	2.797948 	0.	0.0000775156
4070.077092	2.797335 	0.	0.0000775156
4071.933236	2.796903 	0.	0.0000775156
4073.973509	2.796114 	0.	0.0000775156
4076.051941	2.795284 	0.	0.0000775156
4078.121081	2.794567 	0.	0.0000775156
4079.907645	2.793875 	0.	0.0000775156
4082.051263	2.792987 	0.	0.0000775156
4084.094507	2.792370 	0.	0.0000775156
4086.118931	2.791559 	0.	0.0000775156
4087.993743	2.790966 	0.	0.0000775156
4089.984255	2.790372 	0.	0.0000775156
4092.062245	2.789443 	0.	0.0000775156
4094.005816	2.788632 	0.	0.0000775156
4095.955555	2.788014 	0.	0.0000775156
4098.019351	2.787336 	0.	0.0000775156
4100.073653	2.786555 	0.	0.0000775156
4101.921687	2.785774 	0.	0.0000775156
4103.971399	2.785053 	0.	0.0000775156
4105.995620	2.784452 	0.	0.0000775156
4108.048012	2.783746 	0.	0.0000775156
4110.005081	2.782982 	0.	0.0000775156
4112.016577	2.782230 	0.	0.0000775156
4114.004467	2.781488 	0.	0.0000775156
4116.050250	2.780791 	0.	0.0000775156
4117.987019	2.780049 	0.	0.0000775156
4120.035748	2.779225 	0.	0.0000775156
4122.085474	2.778756 	0.	0.0000775156
4124.125836	2.777936 	0.	0.0000775156
4125.975620	2.777230 	0.	0.0000775156
4128.024233	2.776611 	0.	0.0000775156
4130.100256	2.775816 	0.	0.0000775156
4132.135026	2.774970 	0.	0.0000775156
4133.941727	2.774328 	0.	0.0000775156
4136.028115	2.773544 	0.	0.0000775156
4138.121855	2.772817 	0.	0.0000775156
4139.899954	2.772221 	0.	0.0000775156
4141.997985	2.771507 	0.	0.0000775156
4144.010637	2.770723 	0.	0.0000775156
4146.054718	2.770001 	0.	0.0000775156
4147.936331	2.769396 	0.	0.0000775156
4149.975351	2.768703 	0.	0.0000775156
4152.055856	2.767830 	0.	0.0000775156
4154.065319	2.767195 	0.	0.0000775156
4155.946763	2.766395 	0.	0.0000775156
4158.027729	2.765545 	0.	0.0000775156
4160.064473	2.764867 	0.	0.0000775156
4162.098525	2.764197 	0.	0.0000775156
4163.978213	2.763334 	0.	0.0000775156
4165.964259	2.762882 	0.	0.0000775156
4168.014105	2.762208 	0.	0.0000775156
4170.142901	2.761335 	0.	0.0000775156
4172.007451	2.760780 	0.	0.0000775156
4174.064751	2.759904 	0.	0.0000775156
4176.080863	2.759105 	0.	0.0000775156
4177.963915	2.758649 	0.	0.0000775156
4180.016724	2.757744 	0.	0.0000775156
4182.095742	2.756952 	0.	0.0000775156
4184.083007	2.756418 	0.	0.0000775156
4185.939269	2.755638 	0.	0.0000775156
4187.967789	2.755097 	0.	0.0000775156
4190.075114	2.754274 	0.	0.0000775156
4192.110742	2.753761 	0.	0.0000775156
4193.949467	2.753192 	0.	0.0000775156
4195.988220	2.752363 	0.	0.0000775156
4198.026047	2.751558 	0.	0.0000775156
4200.147404	2.750863 	0.	0.0000775156
4201.962165	2.750196 	0.	0.0000775156
4204.031247	2.749609 	0.	0.0000775156
4206.043487	2.748780 	0.	0.0000775156
4208.123822	2.748130 	0.	0.0000775156
4209.985427	2.747552 	0.	0.0000775156
4211.996074	2.746797 	0.	0.0000775156
4214.062932	2.745893 	0.	0.0000775156
4215.905295	2.745156 	0.	0.0000775156
4217.989433	2.744427 	0.	0.0000775156
4220.081801	2.743650 	0.	0.0000775156
4222.095421	2.742924 	0.	0.0000775156
4223.952941	2.742235 	0.	0.0000775156
4225.989227	2.741425 	0.	0.0000775156
4228.045105	2.740931 	0.	0.0000775156
4230.054532	2.740268 	0.	0.0000775156
4231.917166	2.739710 	0.	0.0000775156
4234.009508	2.738918 	0.	0.0000775156
4235.967066	2.738245 	0.	0.0000775156
4238.056536	2.737473 	0.	0.0000775156
4239.927859	2.736809 	0.	0.0000775156
4242.030199	2.735861 	0.	0.0000775156
4243.981922	2.735527 	0.	0.0000775156
4246.062265	2.734509 	0.	0.0000775156
4247.963053	2.733947 	0.	0.0000775156
4249.948448	2.733214 	0.	0.0000775156
4252.037882	2.732471 	0.	0.0000775156
4253.896276	2.731744 	0.	0.0000775156