3759.905350	2.894094	0.0527788	0.000447848
3759.950814	2.894147	0.0527788	0.000447848
3759.949299	2.894235	0.0527788	0.000447848
3770.027010	2.890092	0.0527788	0.000447848
3769.961544	2.890335	0.0527788	0.000447848
3770.032393	2.889984	0.0527788	0.000447848
3780.036936	2.886471	0.0527788	0.000447848
3780.048661	2.886299	0.0527788	0.000447848
3780.051287	2.886275	0.0527788	0.000447848
3780.032409	2.886279	0.0527788	0.000447848
3789.977566	2.882372	0.0527788	0.000447848
3789.910770	2.882257	0.0527788	0.000447848
3789.925478	2.882396	0.0527788	0.000447848
3800.040333	2.878454	0.0527788	0.000447848
3799.978472	2.878490	0.0527788	0.000447848
3799.995112	2.878763	0.0527788	0.000447848
3799.987613	2.878433	0.0527788	0.000447848
3810.057212	2.874592	0.0527788	0.000447848
3810.022426	2.874742	0.0527788	0.000447848
3810.040247	2.874897	0.0527788	0.000447848
3819.994278	2.870925	0.0527788	0.000447848
3819.940758	2.870927	0.0527788	0.000447848
3819.945884	2.870737	0.0527788	0.000447848
3819.958771	2.870826	0.0527788	0.000447848
3830.012600	2.867035	0.0527788	0.000447848
3829.977729	2.867023	0.0527788	0.000447848
3829.979243	2.867122	0.0527788	0.000447848
3840.046007	2.863214	0.0527788	0.000447848
3840.096151	2.863167	0.0527788	0.000447848
3840.038053	2.863145	0.0527788	0.000447848
3840.066030	2.863209	0.0527788	0.000447848
3850.111676	2.859422	0.0527788	0.000447848
3850.155562	2.859457	0.0527788	0.000447848
3850.149070	2.859374	0.0527788	0.000447848
3860.015785	2.855585	0.0527788	0.000447848
3859.977182	2.855754	0.0527788	0.000447848
3859.975236	2.855734	0.0527788	0.000447848
3860.004513	2.855549	0.0527788	0.000447848
3870.007014	2.851894	0.0527788	0.000447848
3870.033713	2.851991	0.0527788	0.000447848
3870.082035	2.851731	0.0527788	0.000447848
3880.103290	2.848079	0.0527788	0.000447848
3880.100546	2.848137	0.0527788	0.000447848
3880.153629	2.847930	0.0527788	0.000447848
3880.133372	2.848029	0.0527788	0.000447848
3889.982118	2.844358	0.0527788	0.000447848
3890.012094	2.844273	0.0527788	0.000447848
3890.020017	2.844209	0.0527788	0.000447848
3900.045658	2.840429	0.0527788	0.000447848
3900.077258	2.840307	0.0527788	0.000447848
3900.037428	2.840469	0.0527788	0.000447848
3900.056353	2.840497	0.0527788	0.000447848
3910.085221	2.836632	0.0527788	0.000447848
3910.143401	2.836641	0.0527788	0.000447848
3910.076538	2.836864	0.0527788	0.000447848
3919.974775	2.833012	0.0527788	0.000447848
3920.009461	2.832938	0.0527788	0.000447848
3920.026710	2.832948	0.0527788	0.000447848
3930.037386	2.829224	0.0527788	0.000447848
3930.066951	2.829082	0.0527788	0.000447848
3930.070237	2.829057	0.0527788	0.000447848
3930.018973	2.829065	0.0527788	0.000447848
3940.103636	2.825455	0.0527788	0.000447848
3940.153210	2.825329	0.0527788	0.000447848
3940.112680	2.825586	0.0527788	0.000447848
3950.017430	2.821632	0.0527788	0.000447848
3950.005845	2.821769	0.0527788	0.000447848
3950.009251	2.821885	0.0527788	0.000447848
3949.934313	2.821776	0.0527788	0.000447848
3960.081726	2.818050	0.0527788	0.000447848
3960.036678	2.817943	0.0527788	0.000447848
3960.080632	2.817840	0.0527788	0.000447848
3970.093392	2.814394	0.0527788	0.000447848
3970.094560	2.814209	0.0527788	0.000447848
3970.128182	2.814469	0.0527788	0.000447848
3970.130194	2.814334	0.0527788	0.000447848
3979.946157	2.810658	0.0527788	0.000447848
3979.981672	2.810354	0.0527788	0.000447848
3979.951107	2.810484	0.0527788	0.000447848
3990.063036	2.806881	0.0527788	0.000447848
3990.052629	2.806979	0.0527788	0.000447848
3990.055607	2.806818	0.0527788	0.000447848
3990.036728	2.806856	0.0527788	0.000447848
4000.101737	2.803111	0.0527788	0.000447848
4000.116694	2.803077	0.0527788	0.000447848
4000.108807	2.803156	0.0527788	0.000447848
4010.198265	2.799305	0.0527788	0.000447848
4010.186589	2.799305	0.0527788	0.000447848
4010.172725	2.799403	0.0527788	0.000447848
4010.180946	2.799438	0.0527788	0.000447848
4020.068702	2.795707	0.0527788	0.000447848
4019.993534	2.795857	0.0527788	0.000447848
4019.993090	2.795999	0.0527788	0.000447848
4030.161084	2.792166	0.0527788	0.000447848
4030.101885	2.792051	0.0527788	0.000447848
4030.098464	2.792248	0.0527788	0.000447848
4030.106371	2.792040	0.0527788	0.000447848
4040.179490	2.788373	0.0527788	0.000447848
4040.181715	2.788443	0.0527788	0.000447848
4040.176684	2.788300	0.0527788	0.000447848
4050.044287	2.784815	0.0527788	0.000447848
4050.062560	2.784650	0.0527788	0.000447848
4049.998204	2.784966	0.0527788	0.000447848
4050.029187	2.784728	0.0527788	0.000447848
4060.011082	2.781239	0.0527788	0.000447848
4060.088132	2.781126	0.0527788	0.000447848
4060.119684	2.781047	0.0527788	0.000447848
4070.119166	2.777486	0.0527788	0.000447848
4070.133037	2.777420	0.0527788	0.000447848
4070.143705	2.777347	0.0527788	0.000447848
4070.166552	2.777474	0.0527788	0.000447848
4080.035473	2.773915	0.0527788	0.000447848
4080.052168	2.773914	0.0527788	0.000447848
4080.002658	2.773929	0.0527788	0.000447848
4090.085541	2.770246	0.0527788	0.000447848
4090.055128	2.770158	0.0527788	0.000447848
4090.085450	2.770420	0.0527788	0.000447848
4100.177652	2.766431	0.0527788	0.000447848
4100.162836	2.766666	0.0527788	0.000447848
4100.125447	2.766485	0.0527788	0.000447848
4100.178542	2.766608	0.0527788	0.000447848
4110.030689	2.762985	0.0527788	0.000447848
4109.999531	2.762873	0.0527788	0.000447848
4110.010538	2.763029	0.0527788	0.000447848
4120.052530	2.759303	0.0527788	0.000447848
4120.051316	2.759317	0.0527788	0.000447848
4120.113164	2.759459	0.0527788	0.000447848
4120.089852	2.759329	0.0527788	0.000447848
4130.155804	2.755561	0.0527788	0.000447848
4130.180841	2.755596	0.0527788	0.000447848
4130.174071	2.755606	0.0527788	0.000447848
4140.027487	2.752128	0.0527788	0.000447848
4140.071169	2.752060	0.0527788	0.000447848
4140.076610	2.752155	0.0527788	0.000447848
4140.011297	2.752107	0.0527788	0.000447848
4150.123405	2.748467	0.0527788	0.000447848
4150.061365	2.748526	0.0527788	0.000447848
4150.105660	2.748446	0.0527788	0.000447848
4160.137900	2.744976	0.0527788	0.000447848
4160.155030	2.745090	0.0527788	0.000447848
4160.151392	2.744846	0.0527788	0.000447848
4160.202778	2.744784	0.0527788	0.000447848
4170.204057	2.741258	0.0527788	0.000447848
4170.241628	2.741331	0.0527788	0.000447848
4170.261787	2.741290	0.0527788	0.000447848
4180.093346	2.737744	0.0527788	0.000447848
4180.152624	2.737629	0.0527788	0.000447848
4180.086527	2.737896	0.0527788	0.000447848
4180.101300	2.737787	0.0527788	0.000447848
4190.197266	2.734126	0.0527788	0.000447848
4190.142614	2.734355	0.0527788	0.000447848
4190.178398	2.734293	0.0527788	0.000447848
4200.151043	2.730691	0.0527788	0.000447848
4200.202314	2.730610	0.0527788	0.000447848
4200.204358	2.730701	0.0527788	0.000447848
4200.230446	2.730474	0.0527788	0.000447848
4210.046957	2.727064	0.0527788	0.000447848
4210.026366	2.727107	0.0527788	0.000447848
4210.124553	2.727008	0.0527788	0.000447848
4220.197654	2.723417	0.0527788	0.000447848
4220.171874	2.723545	0.0527788	0.000447848
4220.118895	2.723502	0.0527788	0.000447848
4220.095930	2.723451	0.0527788	0.000447848
4230.166692	2.719951	0.0527788	0.000447848
4230.237837	2.719939	0.0527788	0.000447848
4230.205738	2.719997	0.0527788	0.000447848
4239.991453	2.716526	0.0527788	0.000447848
4240.094958	2.716342	0.0527788	0.000447848
4240.028667	2.716403	0.0527788	0.000447848
4240.050974	2.716313	0.0527788	0.000447848
4250.116556	2.712752	0.0527788	0.000447848
4250.147152	2.712750	0.0527788	0.000447848
4250.121249	2.712788	0.0527788	0.000447848
4260.198260	2.709408	0.0527788	0.000447848
4260.111404	2.709462	0.0527788	0.000447848
4260.274040	2.709227	0.0527788	0.000447848
4270.065020	2.705685	0.0527788	0.000447848
4270.019091	2.705826	0.0527788	0.000447848
4269.978637	2.705803	0.0527788	0.000447848
4270.029425	2.705645	0.0527788	0.000447848
4280.128988	2.702149	0.0527788	0.000447848
4280.090485	2.702242	0.0527788	0.000447848
4280.087991	2.702293	0.0527788	0.000447848
4290.217779	2.698613	0.0527788	0.000447848
4290.112383	2.698825	0.0527788	0.000447848
4290.171214	2.698747	0.0527788	0.000447848
4290.169372	2.698683	0.0527788	0.000447848
4300.073311	2.695158	0.0527788	0.000447848
4300.005242	2.695220	0.0527788	0.000447848
4300.011370	2.695240	0.0527788	0.000447848
4310.035244	2.691815	0.0527788	0.000447848
4310.101201	2.691699	0.0527788	0.000447848
4310.087106	2.691786	0.0527788	0.000447848
4310.088973	2.691783	0.0527788	0.000447848
4320.194375	2.688339	0.0527788	0.000447848
4320.080520	2.688161	0.0527788	0.000447848
4320.108521	2.688232	0.0527788	0.000447848
4330.256098	2.684526	0.0527788	0.000447848
4330.214929	2.684687	0.0527788	0.000447848
4330.220221	2.684670	0.0527788	0.000447848
4330.200711	2.684647	0.0527788	0.000447848
4340.039181	2.681020	0.0527788	0.000447848
4340.066376	2.681177	0.0527788	0.000447848
4340.054931	2.681198	0.0527788	0.000447848
4350.122417	2.677584	0.0527788	0.000447848
4350.160170	2.677698	0.0527788	0.000447848
4350.130873	2.677788	0.0527788	0.000447848
4350.110284	2.677666	0.0527788	0.000447848
4360.198900	2.674106	0.0527788	0.000447848
4360.185912	2.674116	0.0527788	0.000447848
4360.168807	2.674130	0.0527788	0.000447848
4370.080403	2.670906	0.0527788	0.000447848
4370.073952	2.670757	0.0527788	0.000447848
4370.040602	2.670669	0.0527788	0.000447848
4370.074960	2.670792	0.0527788	0.000447848
4380.038359	2.667223	0.0527788	0.000447848
4380.022523	2.667330	0.0527788	0.000447848
4380.114342	2.667127	0.0527788	0.000447848
4390.208647	2.663840	0.0527788	0.000447848
4390.195756	2.663760	0.0527788	0.000447848
4390.206726	2.663775	0.0527788	0.000447848
4390.219458	2.663750	0.0527788	0.000447848
4400.039238	2.660380	0.0527788	0.000447848
4400.073175	2.660334	0.0527788	0.000447848
4400.037890	2.660394	0.0527788	0.000447848
4410.101655	2.656741	0.0527788	0.000447848
4410.105157	2.656798	0.0527788	0.000447848
4410.059474	2.657007	0.0527788	0.000447848
4410.126382	2.656798	0.0527788	0.000447848
4420.163270	2.653390	0.0527788	0.000447848
4420.173556	2.653387	0.0527788	0.000447848
4420.259769	2.653470	0.0527788	0.000447848
4430.019713	2.649995	0.0527788	0.000447848
4430.036569	2.650015	0.0527788	0.000447848
4430.014726	2.650172	0.0527788	0.000447848
4440.110052	2.646737	0.0527788	0.000447848
4440.092689	2.646672	0.0527788	0.000447848
4440.046235	2.646813	0.0527788	0.000447848
4440.068527	2.646691	0.0527788	0.000447848
4450.097453	2.643259	0.0527788	0.000447848
4450.160240	2.643245	0.0527788	0.000447848
4450.130717	2.643395	0.0527788	0.000447848
4460.009219	2.639996	0.0527788	0.000447848
4460.022451	2.639821	0.0527788	0.000447848
4460.021883	2.639744	0.0527788	0.000447848
4460.046394	2.639822	0.0527788	0.000447848
4469.992396	2.636488	0.0527788	0.000447848
4470.099534	2.636584	0.0527788	0.000447848
4470.112976	2.636375	0.0527788	0.000447848
4480.110328	2.632961	0.0527788	0.000447848
4480.039772	2.632994	0.0527788	0.000447848
4480.116687	2.633071	0.0527788	0.000447848
4480.099753	2.632919	0.0527788	0.000447848
4490.227070	2.629397	0.0527788	0.000447848
4490.144055	2.629625	0.0527788	0.000447848
4490.198411	2.629547	0.0527788	0.000447848
4500.030267	2.626440	0.0527788	0.000447848
4500.011384	2.626460	0.0527788	0.000447848
4500.084364	2.626281	0.0527788	0.000447848
4500.042605	2.626342	0.0527788	0.000447848
4510.029833	2.622824	0.0527788	0.000447848
4510.129220	2.622984	0.0527788	0.000447848
4510.077777	2.622887	0.0527788	0.000447848
4520.239417	2.619569	0.0527788	0.000447848
4520.195852	2.619544	0.0527788	0.000447848
4520.196978	2.619491	0.0527788	0.000447848
4520.140017	2.619562	0.0527788	0.000447848
4530.065965	2.616266	0.0527788	0.000447848
4530.091471	2.616276	0.0527788	0.000447848
4530.016876	2.616328	0.0527788	0.000447848
4540.037948	2.613030	0.0527788	0.000447848
4540.123960	2.612910	0.0527788	0.000447848
4540.096798	2.612801	0.0527788	0.000447848
4540.147430	2.612970	0.0527788	0.000447848
4550.035512	2.609539	0.0527788	0.000447848
4550.025969	2.609513	0.0527788	0.000447848
4550.006406	2.609429	0.0527788	0.000447848
4559.863669	2.606077	0.0527788	0.000447848
4559.913709	2.606165	0.0527788	0.000447848
4559.878776	2.606317	0.0527788	0.000447848
4559.927861	2.606348	0.0527788	0.000447848
4569.966885	2.602886	0.0527788	0.000447848
4569.972985	2.602888	0.0527788	0.000447848
4569.930666	2.602829	0.0527788	0.000447848
4580.008123	2.599536	0.0527788	0.000447848
4580.015213	2.599623	0.0527788	0.000447848
4580.028220	2.599426	0.0527788	0.000447848
4580.009412	2.599510	0.0527788	0.000447848
4589.932624	2.596319	0.0527788	0.000447848
4589.846220	2.596230	0.0527788	0.000447848
4589.861611	2.596284	0.0527788	0.000447848
4599.948168	2.592878	0.0527788	0.000447848
4599.912068	2.592759	0.0527788	0.000447848
4599.928754	2.592870	0.0527788	0.000447848
4610.009832	2.589644	0.0527788	0.000447848
4610.019223	2.589648	0.0527788	0.000447848
4610.021097	2.589523	0.0527788	0.000447848
4609.976535	2.589562	0.0527788	0.000447848
4619.837282	2.586249	0.0527788	0.000447848
4619.872042	2.586327	0.0527788	0.000447848
4619.918747	2.586339	0.0527788	0.000447848
4629.901450	2.582959	0.0527788	0.000447848
4629.939013	2.582947	0.0527788	0.000447848
4629.953156	2.583160	0.0527788	0.000447848
4629.938648	2.582999	0.0527788	0.000447848
4639.981502	2.579512	0.0527788	0.000447848
4639.971663	2.579557	0.0527788	0.000447848
4639.942884	2.579680	0.0527788	0.000447848
4649.887091	2.576395	0.0527788	0.000447848
4649.909586	2.576539	0.0527788	0.000447848
4649.842385	2.576369	0.0527788	0.000447848
4649.890257	2.576571	0.0527788	0.000447848
4659.913462	2.573212	0.0527788	0.000447848
4659.918754	2.572999	0.0527788	0.000447848
4659.969270	2.573191	0.0527788	0.000447848
4669.960331	2.569878	0.0527788	0.000447848
4669.992129	2.569862	0.0527788	0.000447848
4670.013689	2.569825	0.0527788	0.000447848
4669.990508	2.569890	0.0527788	0.000447848
4680.057620	2.566489	0.0527788	0.000447848
4680.024589	2.566476	0.0527788	0.000447848
4680.010297	2.566607	0.0527788	0.000447848
4689.909836	2.563364	0.0527788	0.000447848
4689.930677	2.563364	0.0527788	0.000447848
4689.937973	2.563247	0.0527788	0.000447848
4689.942224	2.563426	0.0527788	0.000447848
4699.995788	2.559978	0.0527788	0.000447848
4699.986533	2.560015	0.0527788	0.000447848
4700.012662	2.560143	0.0527788	0.000447848
4710.044715	2.556684	0.0527788	0.000447848
4710.067641	2.556908	0.0527788	0.000447848
4710.075041	2.556827	0.0527788	0.000447848
4710.023430	2.556996	0.0527788	0.000447848
4719.935023	2.553566	0.0527788	0.000447848
4719.919665	2.553427	0.0527788	0.000447848
4719.916399	2.553742	0.0527788	0.000447848
4729.934471	2.550457	0.0527788	0.000447848
4729.991528	2.550403	0.0527788	0.000447848
4729.973596	2.550314	0.0527788	0.000447848
4729.996327	2.550293	0.0527788	0.000447848
4740.028917	2.547112	0.0527788	0.000447848
4740.000257	2.547099	0.0527788	0.000447848
4740.027517	2.547197	0.0527788	0.000447848
