1049.752883	4.067102
1049.758633	4.066850
1049.729727	4.066976
1100.522711	4.045918
1100.561828	4.045758
1100.546926	4.045607
1150.778080	4.025819
1150.825728	4.025732
1150.793362	4.025985
1150.824859	4.025852
1200.720853	4.007252
1200.727351	4.007605
1200.747491	4.007469
1250.581806	3.989922
1250.608898	3.989935
1250.554761	3.989947
1250.597939	3.989759
1300.255985	3.972003
1300.215861	3.972173
1300.232712	3.971896
1350.179117	3.953098
1350.176226	3.953169
1350.139009	3.953052
1350.164101	3.953005
1400.031091	3.933231
1400.045629	3.933502
1400.020045	3.933387
1450.139007	3.913041
1450.134831	3.912981
1450.133418	3.913133
1450.127847	3.913288
1500.001377	3.892728
1500.009306	3.892882
1500.009721	3.892827
1549.872035	3.872178
1549.880058	3.872055
1549.870680	3.872079
1549.866283	3.872113
1599.926798	3.850990
1599.930159	3.851122
1599.938464	3.851110
1649.843481	3.829938
1649.857798	3.829974
1649.852172	3.829940
1649.848391	3.830091
1699.973322	3.808510
1699.968935	3.808551
1699.974902	3.808436
1749.934679	3.786913
1749.913434	3.786925
1749.921314	3.787065
1749.931625	3.786797
1800.043256	3.765105
1800.050942	3.765311
1800.035037	3.765025
1849.981387	3.743227
1849.972360	3.743235
1849.979338	3.743547
1849.972280	3.743490
1900.091879	3.721304
1900.098448	3.721430
1900.087324	3.721549
1950.009655	3.699271
1950.022036	3.699296
1950.025815	3.699164
1950.019261	3.699462
1999.938324	3.677132
1999.963473	3.677042
1999.962667	3.677037
2050.064176	3.654772
2050.077939	3.654858
2050.077750	3.654892
2099.968827	3.632354
2099.996496	3.632553
2099.979565	3.632460
2099.969909	3.632573
2150.069559	3.610006
2150.069040	3.609992
2150.062978	3.610173
2199.997433	3.587663
2199.974859	3.587764
2199.988453	3.587809
2199.980575	3.587817
2250.092377	3.565136
2250.091018	3.565431
2250.093218	3.565291
2299.968439	3.542692
2299.987068	3.542709
2299.985703	3.542760
2299.987939	3.542786
2349.872068	3.520062
2349.887699	3.520184
2349.887386	3.520240
2399.993200	3.497779
2399.986011	3.497748
2399.994798	3.497768
2399.973601	3.497909
2449.916905	3.475285
2449.892972	3.475345
2449.916314	3.475431
2500.015248	3.452876
2500.010503	3.452893
2500.020903	3.453006
2500.005697	3.452923
2549.954943	3.430532
2549.957554	3.430875
2549.953898	3.430820
2600.060338	3.408337
2600.067487	3.408421
2600.069061	3.408477
2600.072230	3.408429
2649.985638	3.386244
2650.012234	3.386058
2649.991276	3.386362
2700.077300	3.363998
2700.099471	3.364062
2700.101193	3.364042
2700.092032	3.364183
2750.017582	3.341974
2750.016805	3.342185
2750.018308	3.341963
2799.937207	3.320013
2799.927821	3.320083
2799.942547	3.320051
2799.939800	3.320314
2850.048754	3.298166
2850.046541	3.298187
2850.054639	3.298209
2899.973383	3.276440
2899.946689	3.276688
2899.957536	3.276536
2950.078714	3.254616
2950.062942	3.254768
2950.071382	3.254587
2950.073913	3.254710
3000.005582	3.232986
3000.007404	3.233039
3000.000842	3.233158
3050.077050	3.211590
3050.065397	3.211443
3050.083301	3.211637
3050.055523	3.211769
3099.975890	3.190375
3100.008419	3.190170
3100.005017	3.190442
3149.899342	3.169070
3149.925746	3.169035
3149.911317	3.169066
3149.920580	3.169015
3200.014949	3.147839
3200.011418	3.148033
3200.010418	3.148305
3249.939106	3.127023
3249.937210	3.127035
3249.927033	3.127008
3249.927112	3.127187
3300.049038	3.106233
3300.046306	3.106155
3300.048467	3.106263
3349.957437	3.085419
3349.973745	3.085364
3349.968588	3.085646
3349.965196	3.085496
3400.080328	3.064664
3400.078761	3.064911
3400.065265	3.065100
3449.991547	3.044485
3450.010946	3.044419
3449.986733	3.044690
3449.983308	3.044573
3499.933042	3.024314
3499.918091	3.024435
3499.922850	3.024304
3550.021985	3.004023
3550.024625	3.004070
3550.006214	3.004178
3550.024415	3.004296
3599.933710	2.984262
3599.954061	2.984237
3599.942804	2.984150
3650.044980	2.964119
3650.055371	2.964319
3650.055281	2.964298
3650.052683	2.964361
3699.967128	2.944718
3699.984205	2.944734
3699.974011	2.944754
3750.063705	2.925208
3750.074936	2.925267
3750.102420	2.925234
3799.989362	2.905834
3799.989380	2.905865
3799.967914	2.905932
3800.005485	2.906022
3850.104204	2.886571
3850.084048	2.886619
3850.102142	2.886663
3899.994361	2.867570
3900.003490	2.867657
3899.999410	2.867656
3900.007463	2.867748
3949.932994	2.848784
3949.915401	2.848893
3949.916097	2.848822
4000.032691	2.830096
4000.028516	2.830074
4000.032236	2.830102
4000.026099	2.830013
4049.949286	2.811402
4049.937001	2.811494
4049.944161	2.811617
4100.058263	2.793014
4100.051880	2.793130
4100.038274	2.793170
4100.054349	2.793152
4149.970208	2.774810
4149.968320	2.774931
4149.966157	2.775012
4200.080425	2.756710
4200.079504	2.756726
4200.081548	2.756721
4200.083605	2.756791
4250.012399	2.738786
4250.000683	2.738923
4250.000526	2.738873
4299.929387	2.721078
4299.918094	2.721178
4299.934408	2.721256
4299.920851	2.721172
4350.022521	2.703388
4350.021457	2.703565
4350.027451	2.703659
4399.940657	2.686069
4399.966820	2.685959
4399.931425	2.686092
4399.945009	2.686215
4450.066537	2.668793
4450.057402	2.668988
4450.054400	2.668843
4499.956420	2.651786
4499.967653	2.651752
4499.966615	2.651825
4499.977598	2.651774
4550.076804	2.634807
4550.084990	2.634753
4550.054142	2.634818
4599.990408	2.617877
4599.977996	2.618013
4600.001471	2.617936
4599.994432	2.617935
4649.904477	2.601293
4649.910971	2.601525
4649.902169	2.601529
4700.001556	2.584776
4700.014913	2.584954
4700.015627	2.584798
4749.923975	2.568543
4749.927644	2.568565
4749.925603	2.568567
4749.936373	2.568582
4800.047228	2.552274
4800.036397	2.552313
4800.038774	2.552345
4849.945742	2.536216
4849.951374	2.536383
4849.951050	2.536401
4849.952160	2.536416
4900.055129	2.520330
4900.069358	2.520409
4900.075763	2.520444
4949.980705	2.504768
4949.986076	2.504827
4949.987286	2.504882
4949.978658	2.504788
5000.083308	2.489131
5000.092985	2.489207
5000.097059	2.489180
5050.006742	2.473724
5050.016583	2.473737
5050.004647	2.473849
5050.003505	2.473825
5099.935945	2.458587
5099.929470	2.458522
5099.919337	2.458506
5150.033228	2.443215
5150.012382	2.443425
5150.020755	2.443539
5150.048631	2.443520
5199.956342	2.428438
5199.942751	2.428524
5199.943694	2.428597
5250.056970	2.413479
5250.055624	2.413637
5250.047440	2.413726
5250.045312	2.413620
5299.953815	2.398998
5299.992029	2.398977
5299.972209	2.399054
5350.066114	2.384261
5350.075931	2.384412
5350.079230	2.384485
5350.075983	2.384439
5399.994432	2.369923
5399.975582	2.369915
5399.976917	2.369848
5449.903312	2.355538
5449.913249	2.355591
5449.913240	2.355707
5449.908959	2.355727
5500.034131	2.341550
5500.021704	2.341531
5500.030551	2.341566
5549.930578	2.327458
5549.920501	2.327496
5549.946966	2.327449
5600.022815	2.313452
5600.053503	2.313545
5600.041780	2.313653
5600.046130	2.313606
5649.960409	2.299811
5649.957969	2.299971
5649.962166	2.299879
5700.070268	2.286137
5700.072177	2.286294
5700.068969	2.286162
5700.063803	2.286307
5749.973708	2.272804
5749.980342	2.272757
5749.993019	2.272849
5800.106857	2.259390
5800.083068	2.259414
5800.089518	2.259502
5800.097154	2.259469
5850.021274	2.246150
5850.017180	2.246323
5850.021025	2.246131
5899.935578	2.233038
5899.940353	2.233098
5899.928480	2.233146
5899.937515	2.233126
5950.051155	2.220134
5950.032053	2.220254
5950.038143	2.220241
5999.936774	2.207318
5999.946975	2.207490
5999.944132	2.207454
5999.951928	2.207501
6050.057886	2.194651
6050.059095	2.194588
6050.051537	2.194814
6099.974049	2.182038
6099.985640	2.182132
6099.967912	2.182127
6099.985799	2.182175
6150.078953	2.169592
6150.084553	2.169567
6150.088932	2.169637
6200.020633	2.157304
6200.004896	2.157342
6200.013678	2.157330
6200.016267	2.157358
6249.917202	2.145060
6249.920710	2.145112
6249.923513	2.145244
6300.032077	2.133052
6300.010132	2.133098
6300.031219	2.133061
6300.026807	2.133115
6349.943124	2.121071
6349.946404	2.121009
6349.937423	2.121126
6400.049917	2.109218
6400.031931	2.109223
6400.048560	2.109166
6449.969030	2.097290
6449.949945	2.097467
6449.982189	2.097425
6449.965181	2.097456
6500.085537	2.085610
6500.075337	2.085699
6500.062458	2.085805
6549.991206	2.074140
6549.977491	2.074054
6550.005579	2.074170
6549.981497	2.074262
6599.913638	2.062681
6599.909566	2.062791
6599.907903	2.062694
6650.014786	2.051337
6650.008458	2.051465
6650.007328	2.051415
6650.024657	2.051449
6699.935237	2.040103
6699.938207	2.040200
6699.922662	2.040214
6750.062810	2.028981
6750.047786	2.029092
6750.041218	2.029181
6750.042439	2.029190
6799.967662	2.018149
6799.965138	2.018263
6799.958151	2.018188
6850.069110	2.007191
6850.061066	2.007079
6850.057745	2.007224
6850.060862	2.007258
6899.968633	1.996308
6899.980270	1.996342
6899.978765	1.996481
6950.080974	1.985748
6950.088875	1.985775
6950.075459	1.985745
6950.090065	1.985833
6999.997808	1.975146
7000.003638	1.975102
7000.022847	1.975221
7049.921965	1.964697
7049.939392	1.964877
7049.923026	1.964804
7049.935363	1.964857
7100.037907	1.954171
7100.034326	1.954274
7100.030043	1.954435
7149.956119	1.943917
7149.955223	1.944013
7149.952200	1.944083
7149.953147	1.944200
7200.043686	1.933892
7200.054410	1.933721
7200.052679	1.933806
7249.969059	1.923749
7249.965507	1.923697
7249.969697	1.923647
7300.087730	1.913575
7300.088001	1.913758
7300.091875	1.913611
7300.078791	1.913648
7350.004875	1.903687
7349.995689	1.903686
7350.009006	1.903736
7399.918709	1.893828
7399.918415	1.893896
7399.904466	1.893887
7399.911888	1.893888
7450.019505	1.884042
7450.028750	1.884142
7450.029118	1.884117
7499.937242	1.874430
7499.956690	1.874433
7499.972956	1.874465
7499.939436	1.874611
7550.068362	1.864898
7550.030319	1.864902
7550.051256	1.864956
7599.969614	1.855388
7599.956876	1.855345
7599.971494	1.855508
7599.977241	1.855408
7650.060515	1.846020
7650.057019	1.846070
7650.059240	1.845940
7699.981338	1.836592
7699.989477	1.836745
7699.994880	1.836681
7699.986700	1.836775
7749.912366	1.827492
7749.911172	1.827463
7749.913596	1.827478
7800.007827	1.818276
7800.003463	1.818383
7800.004844	1.818301
7800.008944	1.818290
7849.947745	1.809274
7849.943684	1.809265
7849.924395	1.809341
7900.028617	1.800220
7900.033826	1.800298
7900.023193	1.800210
7900.034328	1.800284
7949.959328	1.791254
7949.966010	1.791406
7949.965058	1.791385
8000.060327	1.782477
8000.074573	1.782501
8000.056655	1.782591
8049.976791	1.773753
8049.991556	1.773847
8049.984270	1.773965
8049.986587	1.773920
8100.104939	1.765096
8100.086853	1.765173
8100.075978	1.765138
8150.030653	1.756562
8149.971666	1.756653
8150.002811	1.756543
8150.008362	1.756582
8199.921224	1.748069
8199.926801	1.748072
8199.931577	1.748075
8250.027937	1.739563
8250.020213	1.739645
8250.054486	1.739605
8250.020103	1.739638
8299.973117	1.731176
8299.951335	1.731242
8299.965846	1.731301
8350.037775	1.722839
8350.055735	1.722960
8350.045361	1.722893
8350.039514	1.722874
8399.984786	1.714638
8399.954802	1.714798
8399.967359	1.714800
8450.077851	1.706547
8450.056893	1.706538
8450.069336	1.706564
8450.081814	1.706609
8499.990486	1.698448
8500.003316	1.698547
8499.993935	1.698514
8549.915339	1.690409
8549.927891	1.690564
8549.925484	1.690485
8549.914725	1.690562
8600.015728	1.682644
8600.026678	1.682555
8600.021241	1.682588
8649.942767	1.674650
8649.931597	1.674744
8649.928655	1.674832
8700.072518	1.666846
8700.060220	1.666848
8700.032745	1.666877
8700.033830	1.666987
8749.949575	1.659173
8749.956802	1.659147
8749.953984	1.659186
8800.071520	1.651463
8800.061876	1.651558
8800.053297	1.651576
8800.097266	1.651541
8849.980299	1.643897
8849.990303	1.643927
8849.974370	1.643938
8900.100045	1.636358
8900.114666	1.636454
8900.086328	1.636438
8900.103212	1.636357
8950.024108	1.628899
8949.983886	1.628973
8950.014766	1.629026
8999.914754	1.621509
8999.918379	1.621653
8999.919054	1.621596
8999.935741	1.621555
9050.012729	1.614130
9050.025561	1.614152
9050.030635	1.614131
9099.957332	1.606712
9099.962266	1.606849
9099.957946	1.606814
9099.943232	1.606912
9150.070281	1.599617
9150.077853	1.599666
9150.066205	1.599620
9200.000672	1.592430
9199.984219	1.592470
9199.988798	1.592476
9199.976665	1.592483
9250.083455	1.585228
9250.094470	1.585399
9250.091176	1.585372
9300.016703	1.578226
9300.018063	1.578268
9300.008089	1.578162
9300.002654	1.578247
9349.916542	1.571167
9349.901538	1.571218
9349.926534	1.571292
9400.023629	1.564340
9400.023117	1.564333
9400.036070	1.564328
9400.024338	1.564322
9449.947431	1.557428
9449.937340	1.557410
9449.944588	1.557446
9500.059048	1.550554
9500.057342	1.550579
9500.031139	1.550605
9549.973449	1.543854
9549.972894	1.543798
9549.981389	1.543871
9549.959329	1.543858
9600.080883	1.537043
9600.076127	1.537179
9600.075608	1.537171
9650.009587	1.530497
9650.004915	1.530416
9649.997070	1.530451
9649.999176	1.530436
9699.924280	1.523826
9699.926470	1.523820
9699.932843	1.523785
9750.011427	1.517271
9750.038743	1.517263
9749.997244	1.517317
9750.040649	1.517339
9799.943860	1.510700
9799.948505	1.510746
9799.908105	1.510875
9850.027169	1.504327
9850.056491	1.504332
9850.064927	1.504368
9850.043527	1.504323
9899.961446	1.497951
9899.959366	1.497936
9899.968401	1.497961
9950.088637	1.491580
9950.075583	1.491584
9950.061364	1.491623
9950.057974	1.491563
9999.981656	1.485314
9999.961705	1.485218
9999.971431	1.485310
10050.091484	1.478982
10050.091672	1.478978
10050.111626	1.479042
10050.112406	1.479017
10100.013587	1.472791
10100.017040	1.472867
10100.012439	1.472789
10149.924190	1.466578
10149.922210	1.466624
10149.930419	1.466677
10149.919857	1.466682
10200.043464	1.460556
10200.043363	1.460536
10200.017442	1.460583
10249.959688	1.454511
10249.962033	1.454513
10249.966727	1.454478
10249.979598	1.454449
10300.061993	1.448493
10300.051294	1.448449
10300.070359	1.448472
10349.976302	1.442452
10349.964290	1.442515
10349.979140	1.442509
10400.075825	1.436515
10400.084562	1.436300
10400.098222	1.437334
10400.076985	1.437703
10449.991805	1.418806
10450.021101	1.418045
10450.009368	1.416557
10499.918587	1.410010
10499.924951	1.409804
10499.946297	1.409500
10499.925695	1.409500
10550.012797	1.403686
10550.026502	1.403621
10550.034670	1.403631
10599.909943	1.397856
10599.990047	1.397826
10599.964931	1.397812
10599.960544	1.397879
10650.069088	1.392169
10650.050497	1.392171
10650.042538	1.392297
10699.952380	1.386564
10699.972855	1.386649
10699.949124	1.386637
10699.957183	1.386690
10750.077608	1.380959
10750.092100	1.381107
10750.075028	1.381030
10799.998297	1.375555
10799.985312	1.375582
10800.028680	1.375597
10799.997755	1.375544
10849.893006	1.370152
10849.921709	1.370173
10849.919113	1.370242
10900.004834	1.364810
10900.014489	1.364855
10900.018210	1.364859
10900.019048	1.364945
10949.954677	1.359441
10949.942404	1.359480
10949.946705	1.359527
11000.032570	1.354067
11000.031284	1.354076
11000.051982	1.354181
11000.055448	1.354149
11049.966082	1.348802
11049.973304	1.348843
11049.959594	1.348972
11100.049666	1.343587
11100.067866	1.343558
11100.052497	1.343639
11100.075537	1.343651
11149.971776	1.338370
11149.979911	1.338343
11149.994064	1.338274
11200.077642	1.333104
11200.090325	1.333247
11200.102477	1.333245
11249.989779	1.327981
11250.010062	1.328143
11249.992156	1.328087
11249.996890	1.328063
11299.917310	1.322846
11299.907923	1.323002
11299.930709	1.322955
11350.009527	1.317920
11350.024580	1.317841
11350.051774	1.317891
11350.027461	1.317911
11399.956833	1.312762
11399.959754	1.312880
11399.955811	1.312840
11450.060659	1.307755
11450.071832	1.307778
11450.039589	1.307693
11450.040440	1.307785
11499.978978	1.302811
11499.973350	1.302805
11499.993203	1.302802
11550.069821	1.297840
11550.072676	1.297925
11550.074266	1.297945
11550.052797	1.297901
11599.999036	1.292945
11599.990614	1.293052
11599.999703	1.292985
11649.917231	1.288096
11649.916612	1.288188
11649.895169	1.288092
11649.932394	1.288150
11700.006690	1.283191
11700.008421	1.283235
11700.041394	1.283286
11749.952525	1.278477
11749.938467	1.278492
11749.946608	1.278491
11749.931167	1.278561
11800.053697	1.273711
11800.057242	1.273736
11800.047452	1.273681
11849.982144	1.268932
11849.958732	1.268983
11849.982329	1.269038
11849.967975	1.268965
11900.064304	1.264266
11900.077865	1.264274
11900.054866	1.264346
11949.999093	1.259610
11949.970363	1.259630
11950.010953	1.259721
12000.104417	1.255070
12000.128979	1.254997
12000.064689	1.255090
12000.122983	1.255004
12050.001661	1.250489
12050.024607	1.250494
12050.010027	1.250494
12099.918175	1.245909
12099.963517	1.245872
12099.940314	1.245910
12099.921694	1.245967
12150.048347	1.241330
12150.010770	1.241367
12150.040506	1.241312
12199.964747	1.236825
12199.978723	1.236795
12199.940931	1.236801
12199.973128	1.236833
12250.079751	1.232342
12250.083850	1.232310
12250.062473	1.232356
12299.971116	1.227858
12299.999500	1.227934
12299.999793	1.227924
12299.991073	1.227847
12350.087458	1.223428
12350.080131	1.223458
12350.099234	1.223463
12400.038089	1.218994
12400.011663	1.219051
12400.030201	1.219165
12399.992025	1.219130
12449.932876	1.214735
12449.938583	1.214769
12449.933712	1.214825
12500.021065	1.210354
12500.016975	1.210416
12500.028193	1.210419
12500.019864	1.210471
12549.933399	1.206139
12549.946539	1.206139
12549.951335	1.206180
12600.026293	1.201815
12600.046294	1.201888
12600.044489	1.201960
12600.066943	1.201811
12649.953552	1.197610
12649.999296	1.197591
12649.965040	1.197666
12700.073111	1.193451
12700.071996	1.193447
12700.083788	1.193465
12700.062383	1.193388
12749.990464	1.189354
12749.989063	1.189269
12749.998123	1.189236
12799.898575	1.185077
12799.946009	1.185065
12799.910088	1.185120
12850.025083	1.180922
12849.998671	1.180974
12850.052858	1.181028
12850.047606	1.181054
12899.939054	1.176890
12899.963522	1.176888
12899.947033	1.176870
12950.025789	1.172870
12950.064819	1.172889
12950.069803	1.172850
12950.045763	1.172867
12999.962745	1.168782
12999.937211	1.168890
12999.976228	1.168815
13050.046742	1.164773
13050.085419	1.164770
13050.064609	1.164720
13050.076855	1.164709
13099.985015	1.160701
13099.967220	1.160766
13099.990650	1.160815
13150.103664	1.156852
13150.091709	1.156842
13150.087607	1.156863
13150.109060	1.156864
13200.012729	1.152965
13200.020553	1.152925
13200.013071	1.152980
13249.954188	1.148981
13249.936827	1.149067
13249.914766	1.149053
13249.933717	1.148988
13300.045815	1.145051
13300.056977	1.145070
13300.036339	1.145108
13349.967906	1.141198
13349.975431	1.141196
13349.945148	1.141298
13349.967842	1.141166
13400.064581	1.137348
13400.088112	1.137316
13400.069105	1.137338
13449.995928	1.133584
13449.989825	1.133615
13449.986010	1.133724
13450.005499	1.133602
13500.104521	1.129755
13500.082200	1.129823
13500.075108	1.129718
13550.000883	1.125975
13549.986296	1.126004
13549.990820	1.126049
13549.998987	1.125957
13599.934760	1.122184
13599.949051	1.122210
13599.933947	1.122242
13650.050530	1.118582
13650.024976	1.118515
13650.009004	1.118500
13699.937142	1.114804
13699.944497	1.114862
13699.942181	1.114823
13699.996892	1.114886
13750.058659	1.111172
13750.076084	1.111247
13750.048698	1.111184
13799.975855	1.107514
13799.985164	1.107504
13799.989107	1.107491
13799.976486	1.107500
13850.091476	1.103837
13850.067252	1.103876
13850.060811	1.103909
13899.978951	1.100277
13900.003986	1.100220
13900.008714	1.100295
13899.999037	1.100279
13949.904672	1.096714
13949.892496	1.096753
13949.941253	1.096715
14000.009071	1.093184
14000.013939	1.093118
14000.023907	1.093218
14000.013944	1.093075
14049.912550	1.089564
14049.938693	1.089632
14049.946694	1.089607
14100.035512	1.086041
14100.040365	1.086052
14100.060633	1.086109
14100.051172	1.086155
14149.969431	1.082635
14149.949422	1.082648
14149.978527	1.082600
14200.070147	1.079181
14200.074933	1.079122
14200.077067	1.079188
14200.077536	1.079139
14249.999011	1.075666
14249.993472	1.075729
14250.000424	1.075720
14300.073633	1.072236
14300.096557	1.072321
14300.047825	1.072267
14300.063820	1.072313
14349.996801	1.068900
14350.052611	1.068890
14349.996282	1.068873
14399.949474	1.065490
14399.945843	1.065507
14399.919129	1.065485
14399.918311	1.065503
14450.047665	1.062046
14450.037688	1.062101
14450.055169	1.062087
14499.956904	1.058774
14499.989706	1.058815
14499.953996	1.058775
14550.069890	1.055448
14550.048766	1.055346
14550.076179	1.055475
14550.078342	1.055442
14599.983932	1.052093
14599.987571	1.052108
14599.980107	1.052180
14650.079753	1.048795
14650.089056	1.048803
14650.083780	1.048829
14650.087517	1.048872
14699.980188	1.045576
14699.998881	1.045497
14699.989289	1.045577
14749.933835	1.042288
14749.918028	1.042373
14749.900226	1.042402
14749.919160	1.042320
14800.015642	1.039119
14800.010963	1.039115
14800.008572	1.039082
14849.936776	1.035816
14849.937496	1.035896
14849.948957	1.035844
14849.939624	1.035897
14900.043817	1.032724
14900.051476	1.032687
14900.079357	1.032750
14949.956298	1.029536
14949.972482	1.029464
14949.962383	1.029530
14949.976304	1.029512
15000.082348	1.026365
