0.000000	-0.017687
0.000003	0.599765
0.000007	1.205946
0.000010	1.791515
0.000013	2.348742
0.000016	2.862809
0.000020	3.331463
0.000023	3.740853
0.000026	4.087756
0.000030	4.368307
0.000033	4.570266
0.000036	4.699752
0.000040	4.747746
0.000043	4.714569
0.000046	4.603443
0.000049	4.414690
0.000053	4.152177
0.000056	3.819768
0.000059	3.421329
0.000063	2.964915
0.000066	2.459543
0.000069	1.914233
0.000073	1.335428
0.000076	0.730213
0.000079	0.115981
0.000082	-0.496317
0.000086	-1.109902
0.000089	-1.702872
0.000092	-2.264599
0.000096	-2.788319
0.000099	-3.267269
0.000102	-3.695329
0.000106	-4.061225
0.000109	-4.358516
0.000112	-4.577217
0.000115	-4.724413
0.000119	-4.795917
0.000122	-4.782389
0.000125	-4.692204
0.000129	-4.519562
0.000132	-4.273161
0.000135	-3.958478
0.000139	-3.574866
0.000142	-3.129414
0.000145	-2.635004
0.000148	-2.100655
0.000152	-1.527654
0.000155	-0.926631
0.000158	-0.310147
0.000162	0.303439
0.000165	0.914773
0.000168	1.510970
0.000172	2.083012
0.000175	2.620270
0.000178	3.112114
0.000181	3.546304
0.000185	3.928316
0.000188	4.238822
0.000191	4.482654
0.000195	4.646927
0.000198	4.734861
0.000201	4.737760
0.000205	4.668186
0.000208	4.517441
0.000211	4.289714
0.000214	3.990159
0.000218	3.619743
0.000221	3.196504
0.000224	2.711423
0.000228	2.186083
0.000231	1.619194
0.000234	1.025251
0.000238	0.416172
0.000241	-0.196127
0.000244	-0.813255
0.000247	-1.415244
0.000251	-1.996619
0.000254	-2.537088
0.000257	-3.039228
0.000261	-3.495310
0.000264	-3.892771
0.000267	-4.217762
0.000271	-4.478012
0.000274	-4.663215
0.000277	-4.773049
0.000280	-4.801071
0.000284	-4.747603
0.000287	-4.612969
0.000290	-4.399422
0.000294	-4.121778
0.000297	-3.766511
0.000300	-3.354556
0.000304	-2.883014
0.000307	-2.367668
0.000310	-1.809162
0.000313	-1.219413
0.000317	-0.611303
0.000320	0.001316
0.000323	0.618769
0.000327	1.224950
0.000330	1.809874
0.000333	2.362592
0.000337	2.877948
0.000340	3.341771
0.000343	3.750838
0.000346	4.096453
0.000350	4.374750
0.000353	4.574454
0.000356	4.699752
0.000360	4.747746
0.000363	4.714569
0.000366	4.601188
0.000370	4.409215
0.000373	4.145735
0.000376	3.809138
0.000379	3.409412
0.000383	2.952031
0.000386	2.443116
0.000389	1.895874
0.000393	1.317069
0.000396	0.714108
0.000399	0.098910
0.000403	-0.514998
0.000406	-1.126006
0.000409	-1.718010
0.000412	-2.282958
0.000416	-2.804424
0.000419	-3.281763
0.000422	-3.709501
0.000426	-4.069277
0.000429	-4.362381
0.000432	-4.585913
0.000436	-4.729888
0.000439	-4.798172
0.000442	-4.784000
0.000445	-4.686406
0.000449	-4.515053
0.000452	-4.265109
0.000455	-3.948493
0.000459	-3.563915
0.000462	-3.117819
0.000465	-2.622120
0.000469	-2.082618
0.000472	-1.510583
0.000475	-0.907950
0.000478	-0.293398
0.000482	0.319866
0.000485	0.933454
0.000488	1.528041
0.000492	2.099439
0.000495	2.633154
0.000498	3.124032
0.000502	3.559188
0.000505	3.937979
0.000508	4.249129
0.000511	4.487486
0.000515	4.650792
0.000518	4.735506
0.000521	4.738727
0.000525	4.665287
0.000528	4.512932
0.000531	4.283594
0.000535	3.979852
0.000538	3.609114
0.000541	3.180077
0.000544	2.698217
0.000548	2.168045
0.000551	1.601801
0.000554	1.009468
0.000558	0.398457
0.000561	-0.216418
0.000564	-0.831614
0.000568	-1.434892
0.000571	-2.013690
0.000574	-2.555447
0.000577	-3.055977
0.000581	-3.506905
0.000584	-3.900501
0.000587	-4.226458
0.000591	-4.483166
0.000594	-4.670945
0.000597	-4.769828
0.000601	-4.803003
0.000604	-4.743738
0.000607	-4.609104
0.000610	-4.395234
0.000614	-4.109539
0.000617	-3.755560
0.000620	-3.338773
0.000624	-2.869808
0.000627	-2.348665
0.000630	-1.792413
0.000634	-1.202342
0.000637	-0.593588
0.000640	0.018065
0.000643	0.637450
0.000647	1.242665
0.000650	1.826301
0.000653	2.379663
0.000657	2.891798
0.000660	3.359164
0.000663	3.765977
0.000667	4.106116
0.000670	4.379903
0.000673	4.582184
0.000676	4.703617
0.000680	4.746457
0.000683	4.712636
0.000686	4.596035
0.000690	4.405671
0.000693	4.136394
0.000696	3.800120
0.000700	3.398138
0.000703	2.936570
0.000706	2.427333
0.000709	1.880735
0.000713	1.300964
0.000716	0.695105
0.000719	0.079585
0.000723	-0.532069
0.000726	-1.145654
0.000729	-1.735081
0.000733	-2.297774
0.000736	-2.820528
0.000739	-3.294325
0.000742	-3.717231
0.000746	-4.078618
0.000749	-4.369145
0.000752	-4.588812
0.000756	-4.731821
0.000759	-4.798172
0.000762	-4.782067
0.000766	-4.682541
0.000769	-4.508289
0.000772	-4.255124
0.000775	-3.937542
0.000779	-3.548777
0.000782	-3.103647
0.000785	-2.606660
0.000789	-2.066191
0.000792	-1.491902
0.000795	-0.890557
0.000799	-0.274395
0.000802	0.338225
0.000805	0.951814
0.000808	1.544468
0.000812	2.115544
0.000815	2.648292
0.000818	3.139492
0.000822	3.572716
0.000825	3.949897
0.000828	4.258470
0.000832	4.492639
0.000835	4.653047
0.000838	4.738405
0.000841	4.739049
0.000845	4.661100
0.000848	4.505523
0.000851	4.274898
0.000855	3.971155
0.000858	3.597840
0.000861	3.167193
0.000865	2.683401
0.000868	2.152907
0.000871	1.585374
0.000874	0.991753
0.000878	0.380097
0.000881	-0.233489
0.000884	-0.847719
0.000888	-1.450996
0.000891	-2.029150
0.000894	-2.569297
0.000898	-3.069827
0.000901	-3.521721
0.000904	-3.912741
0.000907	-4.235477
0.000911	-4.489607
0.000914	-4.674166
0.000917	-4.778846
0.000921	-4.801393
0.000924	-4.738907
0.000927	-4.602340
0.000931	-4.387504
0.000934	-4.101486
0.000937	-3.744931
0.000940	-3.324279
0.000944	-2.854992
0.000947	-2.336103
0.000950	-1.775020
0.000954	-1.185271
0.000957	-0.576195
0.000960	0.037391
0.000964	0.655165
0.000967	1.259736
0.000970	1.843050
0.000973	2.394802
0.000977	2.910158
0.000980	3.370438
0.000983	3.776606
0.000987	4.114813
