0.000000	-1.732182
0.000003	-1.550845
0.000007	-1.343418
0.000010	-1.114089
0.000013	-0.865434
0.000016	-0.603895
0.000020	-0.331727
0.000023	-0.055694
0.000026	0.221306
0.000030	0.494763
0.000033	0.758879
0.000036	1.009791
0.000040	1.242987
0.000043	1.455247
0.000046	1.643351
0.000049	1.803432
0.000053	1.932915
0.000056	2.031476
0.000059	2.093963
0.000063	2.122308
0.000066	2.114899
0.000069	2.070450
0.000073	1.991537
0.000076	1.877837
0.000079	1.731927
0.000082	1.556707
0.000086	1.355398
0.000089	1.131220
0.000092	0.886751
0.000096	0.626821
0.000099	0.357873
0.000102	0.081839
0.000106	-0.196127
0.000109	-0.470549
0.000112	-0.737886
0.000115	-0.992338
0.000119	-1.230364
0.000122	-1.448742
0.000125	-1.643929
0.000129	-1.811417
0.000132	-1.949594
0.000135	-2.054596
0.000139	-2.126422
0.000142	-2.163140
0.000145	-2.163785
0.000148	-2.128677
0.000152	-2.058139
0.000155	-1.952171
0.000158	-1.814638
0.000162	-1.645540
0.000165	-1.450030
0.000168	-1.230686
0.000172	-0.990728
0.000175	-0.734020
0.000178	-0.467006
0.000181	-0.191939
0.000185	0.085704
0.000188	0.361094
0.000191	0.630686
0.000195	0.887717
0.000198	1.131220
0.000201	1.354432
0.000205	1.554775
0.000208	1.729028
0.000211	1.873649
0.000214	1.987027
0.000218	2.067229
0.000221	2.112645
0.000224	2.122308
0.000228	2.096218
0.000231	2.033731
0.000234	1.936780
0.000238	1.806653
0.000241	1.644961
0.000244	1.456214
0.000247	1.242343
0.000251	1.007536
0.000254	0.754370
0.000257	0.489609
0.000261	0.215830
0.000264	-0.061814
0.000267	-0.338169
0.000271	-0.609049
0.000274	-0.870587
0.000277	-1.117632
0.000280	-1.346317
0.000284	-1.552777
0.000287	-1.733793
0.000290	-1.885820
0.000294	-2.007892
0.000297	-2.096145
0.000300	-2.149290
0.000304	-2.167650
0.000307	-2.151223
0.000310	-2.097112
0.000313	-2.007570
0.000317	-1.885176
0.000320	-1.731216
0.000323	-1.548268
0.000327	-1.339875
0.000330	-1.109579
0.000333	-0.860603
0.000337	-0.598420
0.000340	-0.325930
0.000343	-0.049252
0.000346	0.228392
0.000350	0.500882
0.000353	0.765321
0.000356	1.014944
0.000360	1.248463
0.000363	1.460401
0.000366	1.647860
0.000370	1.806976
0.000373	1.936458
0.000376	2.032443
0.000379	2.094929
0.000383	2.121986
0.000386	2.113933
0.000389	2.068840
0.000393	1.987993
0.000396	1.873327
0.000399	1.726774
0.000403	1.551554
0.000406	1.348956
0.000409	1.123812
0.000412	0.879020
0.000416	0.619091
0.000419	0.349499
0.000422	0.073143
0.000426	-0.203857
0.000429	-0.478924
0.000432	-0.745294
0.000436	-1.000068
0.000439	-1.237450
0.000442	-1.455184
0.000445	-1.649083
0.000449	-1.815926
0.000452	-1.952493
0.000455	-2.056850
0.000459	-2.127710
0.000462	-2.164107
0.000465	-2.164107
0.000469	-2.127710
0.000472	-2.055562
0.000475	-1.948950
0.000478	-1.809484
0.000482	-1.641030
0.000485	-1.444233
0.000488	-1.223278
0.000492	-0.982997
0.000495	-0.726934
0.000498	-0.458632
0.000502	-0.183565
0.000505	0.094079
0.000508	0.369146
0.000511	0.638416
0.000515	0.895769
0.000518	1.137340
0.000521	1.360551
0.000525	1.560250
0.000528	1.732894
0.000531	1.877515
0.000535	1.989926
0.000538	2.068840
0.000541	2.113933
0.000544	2.122630
0.000548	2.095252
0.000551	2.031476
0.000554	1.933881
0.000558	1.802466
0.000561	1.640774
0.000564	1.451060
0.000568	1.235579
0.000571	0.999806
0.000574	0.747284
0.000577	0.480913
0.000581	0.207456
0.000584	-0.069866
0.000587	-0.345900
0.000591	-0.617423
0.000594	-0.877673
0.000597	-1.124074
0.000601	-1.352437
0.000604	-1.557931
0.000607	-1.738624
0.000610	-1.889685
0.000614	-2.010791
0.000617	-2.097756
0.000620	-2.150901
0.000624	-2.168616
0.000627	-2.150579
0.000630	-2.094857
0.000634	-2.004671
0.000637	-1.881633
0.000640	-1.726385
0.000643	-1.542793
0.000647	-1.333755
0.000650	-1.102493
0.000653	-0.853194
0.000657	-0.590045
0.000660	-0.317555
0.000663	-0.040556
0.000667	0.236766
0.000670	0.508613
0.000673	0.772085
0.000676	1.022674
0.000680	1.255549
0.000683	1.466521
0.000686	1.653014
0.000690	1.811807
0.000693	1.939357
0.000696	2.035020
0.000700	2.096218
0.000703	2.121986
0.000706	2.112967
0.000709	2.067229
0.000713	1.985739
0.000716	1.870106
0.000719	1.723231
0.000723	1.546078
0.000726	1.342836
0.000729	1.116726
0.000733	0.871612
0.000736	0.611683
0.000739	0.341768
0.000742	0.065413
0.000746	-0.212231
0.000749	-0.486010
0.000752	-0.753024
0.000756	-1.006510
0.000759	-1.244536
0.000762	-1.461303
0.000766	-1.654558
0.000769	-1.820113
0.000772	-1.956036
0.000775	-2.059749
0.000779	-2.129965
0.000782	-2.164751
0.000785	-2.163462
0.000789	-2.126100
0.000792	-2.052663
0.000795	-1.945729
0.000799	-1.805619
0.000802	-1.635555
0.000805	-1.438113
0.000808	-1.217480
0.000812	-0.976234
0.000815	-0.718882
0.000818	-0.450257
0.000822	-0.175513
0.000825	0.101809
0.000828	0.377843
0.000832	0.645824
0.000835	0.902211
0.000838	1.144426
0.000841	1.366027
0.000845	1.565404
0.000848	1.737403
0.000851	1.880735
0.000855	1.992825
0.000858	2.070450
0.000861	2.114577
0.000865	2.122952
0.000868	2.093963
0.000871	2.029222
0.000874	1.930338
0.000878	1.798601
0.000881	1.635299
0.000884	1.444296
0.000888	1.229137
0.000891	0.993042
0.000894	0.738910
0.000898	0.474149
0.000901	0.199403
0.000904	-0.077597
0.000907	-0.353952
0.000911	-0.624509
0.000914	-0.885726
0.000917	-1.131160
0.000921	-1.358234
0.000924	-1.564051
0.000927	-1.743133
0.000931	-1.893872
0.000934	-2.013368
0.000937	-2.099688
0.000940	-2.152511
0.000944	-2.168294
0.000947	-2.149290
0.000950	-2.091958
0.000954	-2.002095
0.000957	-1.877445
0.000960	-1.721553
0.000964	-1.536673
0.000967	-1.326991
0.000970	-1.095085
0.000973	-0.845464
0.000977	-0.581349
0.000980	-0.309825
0.000983	-0.032504
0.000987	0.244818
